float menara_putih [] = {
    //Menara Putih
    //1
9.9143, 17.1348, 10.4727, 0.74, 0.77, 0.77,      0.0f, 0.0f,
9.6445, 17.1525, 9.7677, 0.74, 0.77, 0.77,      0.0f, 0.0f,
9.4227, 17.1578, 9.7324, 0.74, 0.77, 0.77,      0.0f, 0.0f,


//2
9.9143, 17.1348, 10.4727, 0.74, 0.77, 0.77,      0.0f, 0.0f,
9.4227, 17.1578, 9.7324, 0.74, 0.77, 0.77,      0.0f, 0.0f,
9.7727, 17.1348, 10.6472, 0.74, 0.77, 0.77,      0.0f, 0.0f,


//3
10.1202, 17.1526, 9.1813, 0.74, 0.77, 0.77,      0.0f, 0.0f,
10.8657, 17.1350, 9.2999, 0.74, 0.77, 0.77,      0.0f, 0.0f,
11.0073, 17.1350, 9.1254, 0.74, 0.77, 0.77,      0.0f, 0.0f,


//4
10.1202, 17.1526, 9.1813, 0.74, 0.77, 0.77,      0.0f, 0.0f,
11.0073, 17.1350, 9.1254, 0.74, 0.77, 0.77,      0.0f, 0.0f,
10.0399, 17.1579, 8.9715, 0.74, 0.77, 0.77,      0.0f, 0.0f,


//5
10.8657, 17.1350, 9.2999, 0.74, 0.77, 0.77,      0.0f, 0.0f,
11.1355, 17.1173, 10.0049, 0.74, 0.77, 0.77,      0.0f, 0.0f,
11.3573, 17.1121, 10.0402, 0.74, 0.77, 0.77,      0.0f, 0.0f,


//6
10.8657, 17.1350, 9.2999, 0.74, 0.77, 0.77,      0.0f, 0.0f,
11.3573, 17.1121, 10.0402, 0.74, 0.77, 0.77,      0.0f, 0.0f,
11.0073, 17.1350, 9.1254, 0.74, 0.77, 0.77,      0.0f, 0.0f,


//7
10.6598, 17.1172, 10.5914, 0.74, 0.77, 0.77,      0.0f, 0.0f,
9.9143, 17.1348, 10.4727, 0.74, 0.77, 0.77,      0.0f, 0.0f,
9.7727, 17.1348, 10.6472, 0.74, 0.77, 0.77,      0.0f, 0.0f,


//8
10.6598, 17.1172, 10.5914, 0.74, 0.77, 0.77,      0.0f, 0.0f,
9.7727, 17.1348, 10.6472, 0.74, 0.77, 0.77,      0.0f, 0.0f,
10.7401, 17.1120, 10.8011, 0.74, 0.77, 0.77,      0.0f, 0.0f,


//9
9.6445, 17.1525, 9.7677, 0.74, 0.77, 0.77,      0.0f, 0.0f,
10.1202, 17.1526, 9.1813, 0.74, 0.77, 0.77,      0.0f, 0.0f,
10.0399, 17.1579, 8.9715, 0.74, 0.77, 0.77,      0.0f, 0.0f,


//10
9.6445, 17.1525, 9.7677, 0.74, 0.77, 0.77,      0.0f, 0.0f,
10.0399, 17.1579, 8.9715, 0.74, 0.77, 0.77,      0.0f, 0.0f,
9.4227, 17.1578, 9.7324, 0.74, 0.77, 0.77,      0.0f, 0.0f,


//11
11.1355, 17.1173, 10.0049, 0.74, 0.77, 0.77,      0.0f, 0.0f,
10.6598, 17.1172, 10.5914, 0.74, 0.77, 0.77,      0.0f, 0.0f,
10.7401, 17.1120, 10.8011, 0.74, 0.77, 0.77,      0.0f, 0.0f,


//12
11.1355, 17.1173, 10.0049, 0.74, 0.77, 0.77,      0.0f, 0.0f,
10.7401, 17.1120, 10.8011, 0.74, 0.77, 0.77,      0.0f, 0.0f,
11.3573, 17.1121, 10.0402, 0.74, 0.77, 0.77,      0.0f, 0.0f,


//13
9.4227, 17.1578, 9.7324, 0.74, 0.77, 0.77,      0.0f, 0.0f,
10.0399, 17.1579, 8.9715, 0.74, 0.77, 0.77,      0.0f, 0.0f,
10.0451, 17.4054, 8.9757, 0.74, 0.77, 0.77,      0.0f, 0.0f,


//14
9.4227, 17.1578, 9.7324, 0.74, 0.77, 0.77,      0.0f, 0.0f,
10.0451, 17.4054, 8.9757, 0.74, 0.77, 0.77,      0.0f, 0.0f,
9.4279, 17.4053, 9.7366, 0.74, 0.77, 0.77,      0.0f, 0.0f,


//15
11.3573, 17.1121, 10.0402, 0.74, 0.77, 0.77,      0.0f, 0.0f,
10.7401, 17.1120, 10.8011, 0.74, 0.77, 0.77,      0.0f, 0.0f,
10.7452, 17.3595, 10.8053, 0.74, 0.77, 0.77,      0.0f, 0.0f,


//16
11.3573, 17.1121, 10.0402, 0.74, 0.77, 0.77,      0.0f, 0.0f,
10.7452, 17.3595, 10.8053, 0.74, 0.77, 0.77,      0.0f, 0.0f,
11.3625, 17.3596, 10.0445, 0.74, 0.77, 0.77,      0.0f, 0.0f,


//17
9.7727, 17.1348, 10.6472, 0.74, 0.77, 0.77,      0.0f, 0.0f,
9.4227, 17.1578, 9.7324, 0.74, 0.77, 0.77,      0.0f, 0.0f,
9.4279, 17.4053, 9.7366, 0.74, 0.77, 0.77,      0.0f, 0.0f,


//18
9.7727, 17.1348, 10.6472, 0.74, 0.77, 0.77,      0.0f, 0.0f,
9.4279, 17.4053, 9.7366, 0.74, 0.77, 0.77,      0.0f, 0.0f,
9.7779, 17.3824, 10.6514, 0.74, 0.77, 0.77,      0.0f, 0.0f,


//19
10.0399, 17.1579, 8.9715, 0.74, 0.77, 0.77,      0.0f, 0.0f,
11.0073, 17.1350, 9.1254, 0.74, 0.77, 0.77,      0.0f, 0.0f,
11.0124, 17.3826, 9.1297, 0.74, 0.77, 0.77,      0.0f, 0.0f,


//20
10.0399, 17.1579, 8.9715, 0.74, 0.77, 0.77,      0.0f, 0.0f,
11.0124, 17.3826, 9.1297, 0.74, 0.77, 0.77,      0.0f, 0.0f,
10.0451, 17.4054, 8.9757, 0.74, 0.77, 0.77,      0.0f, 0.0f,


//21
11.0073, 17.1350, 9.1254, 0.74, 0.77, 0.77,      0.0f, 0.0f,
11.3573, 17.1121, 10.0402, 0.74, 0.77, 0.77,      0.0f, 0.0f,
11.3625, 17.3596, 10.0445, 0.74, 0.77, 0.77,      0.0f, 0.0f,


//22
11.0073, 17.1350, 9.1254, 0.74, 0.77, 0.77,      0.0f, 0.0f,
11.3625, 17.3596, 10.0445, 0.74, 0.77, 0.77,      0.0f, 0.0f,
11.0124, 17.3826, 9.1297, 0.74, 0.77, 0.77,      0.0f, 0.0f,


//23
10.7401, 17.1120, 10.8011, 0.74, 0.77, 0.77,      0.0f, 0.0f,
9.7727, 17.1348, 10.6472, 0.74, 0.77, 0.77,      0.0f, 0.0f,
9.7779, 17.3824, 10.6514, 0.74, 0.77, 0.77,      0.0f, 0.0f,


//24
10.7401, 17.1120, 10.8011, 0.74, 0.77, 0.77,      0.0f, 0.0f,
9.7779, 17.3824, 10.6514, 0.74, 0.77, 0.77,      0.0f, 0.0f,
10.7452, 17.3595, 10.8053, 0.74, 0.77, 0.77,      0.0f, 0.0f,


//25
10.0451, 17.4054, 8.9757, 0.74, 0.77, 0.77,      0.0f, 0.0f,
11.0124, 17.3826, 9.1297, 0.74, 0.77, 0.77,      0.0f, 0.0f,
10.6654, 17.3825, 9.5575, 0.74, 0.77, 0.77,      0.0f, 0.0f,


//26
10.0451, 17.4054, 8.9757, 0.74, 0.77, 0.77,      0.0f, 0.0f,
10.6654, 17.3825, 9.5575, 0.74, 0.77, 0.77,      0.0f, 0.0f,
10.2419, 17.3925, 9.4901, 0.74, 0.77, 0.77,      0.0f, 0.0f,


//27
11.0124, 17.3826, 9.1297, 0.74, 0.77, 0.77,      0.0f, 0.0f,
11.3625, 17.3596, 10.0445, 0.74, 0.77, 0.77,      0.0f, 0.0f,
10.8186, 17.3725, 9.9579, 0.74, 0.77, 0.77,      0.0f, 0.0f,


//28
11.0124, 17.3826, 9.1297, 0.74, 0.77, 0.77,      0.0f, 0.0f,
10.8186, 17.3725, 9.9579, 0.74, 0.77, 0.77,      0.0f, 0.0f,
10.6654, 17.3825, 9.5575, 0.74, 0.77, 0.77,      0.0f, 0.0f,


//29
10.7452, 17.3595, 10.8053, 0.74, 0.77, 0.77,      0.0f, 0.0f,
9.7779, 17.3824, 10.6514, 0.74, 0.77, 0.77,      0.0f, 0.0f,
10.1250, 17.3824, 10.2236, 0.74, 0.77, 0.77,      0.0f, 0.0f,


//30
10.7452, 17.3595, 10.8053, 0.74, 0.77, 0.77,      0.0f, 0.0f,
10.1250, 17.3824, 10.2236, 0.74, 0.77, 0.77,      0.0f, 0.0f,
10.5484, 17.3724, 10.2910, 0.74, 0.77, 0.77,      0.0f, 0.0f,


//31
9.4279, 17.4053, 9.7366, 0.74, 0.77, 0.77,      0.0f, 0.0f,
10.0451, 17.4054, 8.9757, 0.74, 0.77, 0.77,      0.0f, 0.0f,
10.2419, 17.3925, 9.4901, 0.74, 0.77, 0.77,      0.0f, 0.0f,


//32
9.4279, 17.4053, 9.7366, 0.74, 0.77, 0.77,      0.0f, 0.0f,
10.2419, 17.3925, 9.4901, 0.74, 0.77, 0.77,      0.0f, 0.0f,
9.9718, 17.3925, 9.8232, 0.74, 0.77, 0.77,      0.0f, 0.0f,


//33
11.3625, 17.3596, 10.0445, 0.74, 0.77, 0.77,      0.0f, 0.0f,
10.7452, 17.3595, 10.8053, 0.74, 0.77, 0.77,      0.0f, 0.0f,
10.5484, 17.3724, 10.2910, 0.74, 0.77, 0.77,      0.0f, 0.0f,


//34
11.3625, 17.3596, 10.0445, 0.74, 0.77, 0.77,      0.0f, 0.0f,
10.5484, 17.3724, 10.2910, 0.74, 0.77, 0.77,      0.0f, 0.0f,
10.8186, 17.3725, 9.9579, 0.74, 0.77, 0.77,      0.0f, 0.0f,


//35
9.7779, 17.3824, 10.6514, 0.74, 0.77, 0.77,      0.0f, 0.0f,
9.4279, 17.4053, 9.7366, 0.74, 0.77, 0.77,      0.0f, 0.0f,
9.9718, 17.3925, 9.8232, 0.74, 0.77, 0.77,      0.0f, 0.0f,


//36
9.7779, 17.3824, 10.6514, 0.74, 0.77, 0.77,      0.0f, 0.0f,
9.9718, 17.3925, 9.8232, 0.74, 0.77, 0.77,      0.0f, 0.0f,
10.1250, 17.3824, 10.2236, 0.74, 0.77, 0.77,      0.0f, 0.0f,


//37
10.8186, 17.3725, 9.9579, 0.74, 0.77, 0.77,      0.0f, 0.0f,
10.5484, 17.3724, 10.2910, 0.74, 0.77, 0.77,      0.0f, 0.0f,
10.1250, 17.3824, 10.2236, 0.74, 0.77, 0.77,      0.0f, 0.0f,


//38
10.8186, 17.3725, 9.9579, 0.74, 0.77, 0.77,      0.0f, 0.0f,
10.1250, 17.3824, 10.2236, 0.74, 0.77, 0.77,      0.0f, 0.0f,
10.6654, 17.3825, 9.5575, 0.74, 0.77, 0.77,      0.0f, 0.0f,


//39
10.6654, 17.3825, 9.5575, 0.74, 0.77, 0.77,      0.0f, 0.0f,
10.1250, 17.3824, 10.2236, 0.74, 0.77, 0.77,      0.0f, 0.0f,
9.9718, 17.3925, 9.8232, 0.74, 0.77, 0.77,      0.0f, 0.0f,


//40
10.6654, 17.3825, 9.5575, 0.74, 0.77, 0.77,      0.0f, 0.0f,
9.9718, 17.3925, 9.8232, 0.74, 0.77, 0.77,      0.0f, 0.0f,
10.2419, 17.3925, 9.4901, 0.74, 0.77, 0.77,      0.0f, 0.0f,


//41
9.8008, 17.3156, 10.4818, 0.74, 0.77, 0.77,      0.0f, 0.0f,
9.8254, 18.4915, 10.5019, 0.74, 0.77, 0.77,      0.0f, 0.0f,
9.9353, 18.4915, 10.3664, 0.74, 0.77, 0.77,      0.0f, 0.0f,


//42
9.8008, 17.3156, 10.4818, 0.74, 0.77, 0.77,      0.0f, 0.0f,
9.9353, 18.4915, 10.3664, 0.74, 0.77, 0.77,      0.0f, 0.0f,
9.9107, 17.3156, 10.3463, 0.74, 0.77, 0.77,      0.0f, 0.0f,


//43
9.9107, 17.3156, 10.3463, 0.74, 0.77, 0.77,      0.0f, 0.0f,
9.9353, 18.4915, 10.3664, 0.74, 0.77, 0.77,      0.0f, 0.0f,
10.0708, 18.4868, 10.4763, 0.74, 0.77, 0.77,      0.0f, 0.0f,


//44
9.9107, 17.3156, 10.3463, 0.74, 0.77, 0.77,      0.0f, 0.0f,
10.0708, 18.4868, 10.4763, 0.74, 0.77, 0.77,      0.0f, 0.0f,
10.0462, 17.3109, 10.4562, 0.74, 0.77, 0.77,      0.0f, 0.0f,


//45
10.0462, 17.3109, 10.4562, 0.74, 0.77, 0.77,      0.0f, 0.0f,
10.0708, 18.4868, 10.4763, 0.74, 0.77, 0.77,      0.0f, 0.0f,
9.9609, 18.4868, 10.6118, 0.74, 0.77, 0.77,      0.0f, 0.0f,


//46
10.0462, 17.3109, 10.4562, 0.74, 0.77, 0.77,      0.0f, 0.0f,
9.9609, 18.4868, 10.6118, 0.74, 0.77, 0.77,      0.0f, 0.0f,
9.9363, 17.3109, 10.5917, 0.74, 0.77, 0.77,      0.0f, 0.0f,


//47
9.9363, 17.3109, 10.5917, 0.74, 0.77, 0.77,      0.0f, 0.0f,
9.9609, 18.4868, 10.6118, 0.74, 0.77, 0.77,      0.0f, 0.0f,
9.8254, 18.4915, 10.5019, 0.74, 0.77, 0.77,      0.0f, 0.0f,


//48
9.9363, 17.3109, 10.5917, 0.74, 0.77, 0.77,      0.0f, 0.0f,
9.8254, 18.4915, 10.5019, 0.74, 0.77, 0.77,      0.0f, 0.0f,
9.8008, 17.3156, 10.4818, 0.74, 0.77, 0.77,      0.0f, 0.0f,


//49
9.9107, 17.3156, 10.3463, 0.74, 0.77, 0.77,      0.0f, 0.0f,
10.0462, 17.3109, 10.4562, 0.74, 0.77, 0.77,      0.0f, 0.0f,
9.9363, 17.3109, 10.5917, 0.74, 0.77, 0.77,      0.0f, 0.0f,


//50
9.9107, 17.3156, 10.3463, 0.74, 0.77, 0.77,      0.0f, 0.0f,
9.9363, 17.3109, 10.5917, 0.74, 0.77, 0.77,      0.0f, 0.0f,
9.8008, 17.3156, 10.4818, 0.74, 0.77, 0.77,      0.0f, 0.0f,


//51
10.0708, 18.4868, 10.4763, 0.74, 0.77, 0.77,      0.0f, 0.0f,
9.9353, 18.4915, 10.3664, 0.74, 0.77, 0.77,      0.0f, 0.0f,
9.8254, 18.4915, 10.5019, 0.74, 0.77, 0.77,      0.0f, 0.0f,


//52
10.0708, 18.4868, 10.4763, 0.74, 0.77, 0.77,      0.0f, 0.0f,
9.8254, 18.4915, 10.5019, 0.74, 0.77, 0.77,      0.0f, 0.0f,
9.9609, 18.4868, 10.6118, 0.74, 0.77, 0.77,      0.0f, 0.0f,


//53
10.7343, 17.3157, 9.3311, 0.74, 0.77, 0.77,      0.0f, 0.0f,
10.7589, 18.4916, 9.3512, 0.74, 0.77, 0.77,      0.0f, 0.0f,
10.8688, 18.4916, 9.2157, 0.74, 0.77, 0.77,      0.0f, 0.0f,


//54
10.7343, 17.3157, 9.3311, 0.74, 0.77, 0.77,      0.0f, 0.0f,
10.8688, 18.4916, 9.2157, 0.74, 0.77, 0.77,      0.0f, 0.0f,
10.8442, 17.3157, 9.1956, 0.74, 0.77, 0.77,      0.0f, 0.0f,


//55
10.8442, 17.3157, 9.1956, 0.74, 0.77, 0.77,      0.0f, 0.0f,
10.8688, 18.4916, 9.2157, 0.74, 0.77, 0.77,      0.0f, 0.0f,
11.0043, 18.4869, 9.3256, 0.74, 0.77, 0.77,      0.0f, 0.0f,


//56
10.8442, 17.3157, 9.1956, 0.74, 0.77, 0.77,      0.0f, 0.0f,
11.0043, 18.4869, 9.3256, 0.74, 0.77, 0.77,      0.0f, 0.0f,
10.9797, 17.3110, 9.3055, 0.74, 0.77, 0.77,      0.0f, 0.0f,


//57
10.9797, 17.3110, 9.3055, 0.74, 0.77, 0.77,      0.0f, 0.0f,
11.0043, 18.4869, 9.3256, 0.74, 0.77, 0.77,      0.0f, 0.0f,
10.8943, 18.4869, 9.4611, 0.74, 0.77, 0.77,      0.0f, 0.0f,


//58
10.9797, 17.3110, 9.3055, 0.74, 0.77, 0.77,      0.0f, 0.0f,
10.8943, 18.4869, 9.4611, 0.74, 0.77, 0.77,      0.0f, 0.0f,
10.8698, 17.3110, 9.4410, 0.74, 0.77, 0.77,      0.0f, 0.0f,


//59
10.8698, 17.3110, 9.4410, 0.74, 0.77, 0.77,      0.0f, 0.0f,
10.8943, 18.4869, 9.4611, 0.74, 0.77, 0.77,      0.0f, 0.0f,
10.7589, 18.4916, 9.3512, 0.74, 0.77, 0.77,      0.0f, 0.0f,


//60
10.8698, 17.3110, 9.4410, 0.74, 0.77, 0.77,      0.0f, 0.0f,
10.7589, 18.4916, 9.3512, 0.74, 0.77, 0.77,      0.0f, 0.0f,
10.7343, 17.3157, 9.3311, 0.74, 0.77, 0.77,      0.0f, 0.0f,


//61
10.8442, 17.3157, 9.1956, 0.74, 0.77, 0.77,      0.0f, 0.0f,
10.9797, 17.3110, 9.3055, 0.74, 0.77, 0.77,      0.0f, 0.0f,
10.8698, 17.3110, 9.4410, 0.74, 0.77, 0.77,      0.0f, 0.0f,


//62
10.8442, 17.3157, 9.1956, 0.74, 0.77, 0.77,      0.0f, 0.0f,
10.8698, 17.3110, 9.4410, 0.74, 0.77, 0.77,      0.0f, 0.0f,
10.7343, 17.3157, 9.3311, 0.74, 0.77, 0.77,      0.0f, 0.0f,


//63
11.0043, 18.4869, 9.3256, 0.74, 0.77, 0.77,      0.0f, 0.0f,
10.8688, 18.4916, 9.2157, 0.74, 0.77, 0.77,      0.0f, 0.0f,
10.7589, 18.4916, 9.3512, 0.74, 0.77, 0.77,      0.0f, 0.0f,


//64
11.0043, 18.4869, 9.3256, 0.74, 0.77, 0.77,      0.0f, 0.0f,
10.7589, 18.4916, 9.3512, 0.74, 0.77, 0.77,      0.0f, 0.0f,
10.8943, 18.4869, 9.4611, 0.74, 0.77, 0.77,      0.0f, 0.0f,


//65
10.1758, 17.3315, 9.0892, 0.74, 0.77, 0.77,      0.0f, 0.0f,
10.2004, 18.5074, 9.1093, 0.74, 0.77, 0.77,      0.0f, 0.0f,
10.2628, 18.5034, 9.2723, 0.74, 0.77, 0.77,      0.0f, 0.0f,


//66
10.1758, 17.3315, 9.0892, 0.74, 0.77, 0.77,      0.0f, 0.0f,
10.2628, 18.5034, 9.2723, 0.74, 0.77, 0.77,      0.0f, 0.0f,
10.2382, 17.3274, 9.2522, 0.74, 0.77, 0.77,      0.0f, 0.0f,


//67
10.2382, 17.3274, 9.2522, 0.74, 0.77, 0.77,      0.0f, 0.0f,
10.2628, 18.5034, 9.2723, 0.74, 0.77, 0.77,      0.0f, 0.0f,
10.0998, 18.5057, 9.3347, 0.74, 0.77, 0.77,      0.0f, 0.0f,


//68
10.2382, 17.3274, 9.2522, 0.74, 0.77, 0.77,      0.0f, 0.0f,
10.0998, 18.5057, 9.3347, 0.74, 0.77, 0.77,      0.0f, 0.0f,
10.0752, 17.3298, 9.3146, 0.74, 0.77, 0.77,      0.0f, 0.0f,


//69
10.0752, 17.3298, 9.3146, 0.74, 0.77, 0.77,      0.0f, 0.0f,
10.0998, 18.5057, 9.3347, 0.74, 0.77, 0.77,      0.0f, 0.0f,
10.0375, 18.5098, 9.1718, 0.74, 0.77, 0.77,      0.0f, 0.0f,


//70
10.0752, 17.3298, 9.3146, 0.74, 0.77, 0.77,      0.0f, 0.0f,
10.0375, 18.5098, 9.1718, 0.74, 0.77, 0.77,      0.0f, 0.0f,
10.0129, 17.3339, 9.1517, 0.74, 0.77, 0.77,      0.0f, 0.0f,


//71
10.0129, 17.3339, 9.1517, 0.74, 0.77, 0.77,      0.0f, 0.0f,
10.0375, 18.5098, 9.1718, 0.74, 0.77, 0.77,      0.0f, 0.0f,
10.2004, 18.5074, 9.1093, 0.74, 0.77, 0.77,      0.0f, 0.0f,


//72
10.0129, 17.3339, 9.1517, 0.74, 0.77, 0.77,      0.0f, 0.0f,
10.2004, 18.5074, 9.1093, 0.74, 0.77, 0.77,      0.0f, 0.0f,
10.1758, 17.3315, 9.0892, 0.74, 0.77, 0.77,      0.0f, 0.0f,


//73
10.2382, 17.3274, 9.2522, 0.74, 0.77, 0.77,      0.0f, 0.0f,
10.0752, 17.3298, 9.3146, 0.74, 0.77, 0.77,      0.0f, 0.0f,
10.0129, 17.3339, 9.1517, 0.74, 0.77, 0.77,      0.0f, 0.0f,


//74
10.2382, 17.3274, 9.2522, 0.74, 0.77, 0.77,      0.0f, 0.0f,
10.0129, 17.3339, 9.1517, 0.74, 0.77, 0.77,      0.0f, 0.0f,
10.1758, 17.3315, 9.0892, 0.74, 0.77, 0.77,      0.0f, 0.0f,


//75
10.0998, 18.5057, 9.3347, 0.74, 0.77, 0.77,      0.0f, 0.0f,
10.2628, 18.5034, 9.2723, 0.74, 0.77, 0.77,      0.0f, 0.0f,
10.2004, 18.5074, 9.1093, 0.74, 0.77, 0.77,      0.0f, 0.0f,


//76
10.0998, 18.5057, 9.3347, 0.74, 0.77, 0.77,      0.0f, 0.0f,
10.2004, 18.5074, 9.1093, 0.74, 0.77, 0.77,      0.0f, 0.0f,
10.0375, 18.5098, 9.1718, 0.74, 0.77, 0.77,      0.0f, 0.0f,


//77
10.7052, 17.2968, 10.4727, 0.74, 0.77, 0.77,      0.0f, 0.0f,
10.7298, 18.4727, 10.4928, 0.74, 0.77, 0.77,      0.0f, 0.0f,
10.7922, 18.4686, 10.6558, 0.74, 0.77, 0.77,      0.0f, 0.0f,


//78
10.7052, 17.2968, 10.4727, 0.74, 0.77, 0.77,      0.0f, 0.0f,
10.7922, 18.4686, 10.6558, 0.74, 0.77, 0.77,      0.0f, 0.0f,
10.7676, 17.2927, 10.6356, 0.74, 0.77, 0.77,      0.0f, 0.0f,


//79
10.7676, 17.2927, 10.6356, 0.74, 0.77, 0.77,      0.0f, 0.0f,
10.7922, 18.4686, 10.6558, 0.74, 0.77, 0.77,      0.0f, 0.0f,
10.6292, 18.4710, 10.7182, 0.74, 0.77, 0.77,      0.0f, 0.0f,


//80
10.7676, 17.2927, 10.6356, 0.74, 0.77, 0.77,      0.0f, 0.0f,
10.6292, 18.4710, 10.7182, 0.74, 0.77, 0.77,      0.0f, 0.0f,
10.6046, 17.2951, 10.6981, 0.74, 0.77, 0.77,      0.0f, 0.0f,


//81
10.6046, 17.2951, 10.6981, 0.74, 0.77, 0.77,      0.0f, 0.0f,
10.6292, 18.4710, 10.7182, 0.74, 0.77, 0.77,      0.0f, 0.0f,
10.5669, 18.4751, 10.5552, 0.74, 0.77, 0.77,      0.0f, 0.0f,


//82
10.6046, 17.2951, 10.6981, 0.74, 0.77, 0.77,      0.0f, 0.0f,
10.5669, 18.4751, 10.5552, 0.74, 0.77, 0.77,      0.0f, 0.0f,
10.5423, 17.2992, 10.5351, 0.74, 0.77, 0.77,      0.0f, 0.0f,


//83
10.5423, 17.2992, 10.5351, 0.74, 0.77, 0.77,      0.0f, 0.0f,
10.5669, 18.4751, 10.5552, 0.74, 0.77, 0.77,      0.0f, 0.0f,
10.7298, 18.4727, 10.4928, 0.74, 0.77, 0.77,      0.0f, 0.0f,


//84
10.5423, 17.2992, 10.5351, 0.74, 0.77, 0.77,      0.0f, 0.0f,
10.7298, 18.4727, 10.4928, 0.74, 0.77, 0.77,      0.0f, 0.0f,
10.7052, 17.2968, 10.4727, 0.74, 0.77, 0.77,      0.0f, 0.0f,


//85
10.7676, 17.2927, 10.6356, 0.74, 0.77, 0.77,      0.0f, 0.0f,
10.6046, 17.2951, 10.6981, 0.74, 0.77, 0.77,      0.0f, 0.0f,
10.5423, 17.2992, 10.5351, 0.74, 0.77, 0.77,      0.0f, 0.0f,


//86
10.7676, 17.2927, 10.6356, 0.74, 0.77, 0.77,      0.0f, 0.0f,
10.5423, 17.2992, 10.5351, 0.74, 0.77, 0.77,      0.0f, 0.0f,
10.7052, 17.2968, 10.4727, 0.74, 0.77, 0.77,      0.0f, 0.0f,


//87
10.6292, 18.4710, 10.7182, 0.74, 0.77, 0.77,      0.0f, 0.0f,
10.7922, 18.4686, 10.6558, 0.74, 0.77, 0.77,      0.0f, 0.0f,
10.7298, 18.4727, 10.4928, 0.74, 0.77, 0.77,      0.0f, 0.0f,


//88
10.6292, 18.4710, 10.7182, 0.74, 0.77, 0.77,      0.0f, 0.0f,
10.7298, 18.4727, 10.4928, 0.74, 0.77, 0.77,      0.0f, 0.0f,
10.5669, 18.4751, 10.5552, 0.74, 0.77, 0.77,      0.0f, 0.0f,


//89
9.5864, 17.3338, 9.6774, 0.74, 0.77, 0.77,      0.0f, 0.0f,
9.6110, 18.5097, 9.6975, 0.74, 0.77, 0.77,      0.0f, 0.0f,
9.7833, 18.5056, 9.7249, 0.74, 0.77, 0.77,      0.0f, 0.0f,


//90
9.5864, 17.3338, 9.6774, 0.74, 0.77, 0.77,      0.0f, 0.0f,
9.7833, 18.5056, 9.7249, 0.74, 0.77, 0.77,      0.0f, 0.0f,
9.7587, 17.3297, 9.7048, 0.74, 0.77, 0.77,      0.0f, 0.0f,


//91
9.7587, 17.3297, 9.7048, 0.74, 0.77, 0.77,      0.0f, 0.0f,
9.7833, 18.5056, 9.7249, 0.74, 0.77, 0.77,      0.0f, 0.0f,
9.7558, 18.5033, 9.8972, 0.74, 0.77, 0.77,      0.0f, 0.0f,


//92
9.7587, 17.3297, 9.7048, 0.74, 0.77, 0.77,      0.0f, 0.0f,
9.7558, 18.5033, 9.8972, 0.74, 0.77, 0.77,      0.0f, 0.0f,
9.7312, 17.3274, 9.8771, 0.74, 0.77, 0.77,      0.0f, 0.0f,


//93
9.7312, 17.3274, 9.8771, 0.74, 0.77, 0.77,      0.0f, 0.0f,
9.7558, 18.5033, 9.8972, 0.74, 0.77, 0.77,      0.0f, 0.0f,
9.5835, 18.5073, 9.8698, 0.74, 0.77, 0.77,      0.0f, 0.0f,


//94
9.7312, 17.3274, 9.8771, 0.74, 0.77, 0.77,      0.0f, 0.0f,
9.5835, 18.5073, 9.8698, 0.74, 0.77, 0.77,      0.0f, 0.0f,
9.5589, 17.3314, 9.8497, 0.74, 0.77, 0.77,      0.0f, 0.0f,


//95
9.5589, 17.3314, 9.8497, 0.74, 0.77, 0.77,      0.0f, 0.0f,
9.5835, 18.5073, 9.8698, 0.74, 0.77, 0.77,      0.0f, 0.0f,
9.6110, 18.5097, 9.6975, 0.74, 0.77, 0.77,      0.0f, 0.0f,


//96
9.5589, 17.3314, 9.8497, 0.74, 0.77, 0.77,      0.0f, 0.0f,
9.6110, 18.5097, 9.6975, 0.74, 0.77, 0.77,      0.0f, 0.0f,
9.5864, 17.3338, 9.6774, 0.74, 0.77, 0.77,      0.0f, 0.0f,


//97
9.7587, 17.3297, 9.7048, 0.74, 0.77, 0.77,      0.0f, 0.0f,
9.7312, 17.3274, 9.8771, 0.74, 0.77, 0.77,      0.0f, 0.0f,
9.5589, 17.3314, 9.8497, 0.74, 0.77, 0.77,      0.0f, 0.0f,


//98
9.7587, 17.3297, 9.7048, 0.74, 0.77, 0.77,      0.0f, 0.0f,
9.5589, 17.3314, 9.8497, 0.74, 0.77, 0.77,      0.0f, 0.0f,
9.5864, 17.3338, 9.6774, 0.74, 0.77, 0.77,      0.0f, 0.0f,


//99
9.7558, 18.5033, 9.8972, 0.74, 0.77, 0.77,      0.0f, 0.0f,
9.7833, 18.5056, 9.7249, 0.74, 0.77, 0.77,      0.0f, 0.0f,
9.6110, 18.5097, 9.6975, 0.74, 0.77, 0.77,      0.0f, 0.0f,


//100
9.7558, 18.5033, 9.8972, 0.74, 0.77, 0.77,      0.0f, 0.0f,
9.6110, 18.5097, 9.6975, 0.74, 0.77, 0.77,      0.0f, 0.0f,
9.5835, 18.5073, 9.8698, 0.74, 0.77, 0.77,      0.0f, 0.0f,


//101
11.0493, 17.2992, 9.9102, 0.74, 0.77, 0.77,      0.0f, 0.0f,
11.0739, 18.4751, 9.9303, 0.74, 0.77, 0.77,      0.0f, 0.0f,
11.2462, 18.4711, 9.9577, 0.74, 0.77, 0.77,      0.0f, 0.0f,


//102
11.0493, 17.2992, 9.9102, 0.74, 0.77, 0.77,      0.0f, 0.0f,
11.2462, 18.4711, 9.9577, 0.74, 0.77, 0.77,      0.0f, 0.0f,
11.2216, 17.2952, 9.9376, 0.74, 0.77, 0.77,      0.0f, 0.0f,


//103
11.2216, 17.2952, 9.9376, 0.74, 0.77, 0.77,      0.0f, 0.0f,
11.2462, 18.4711, 9.9577, 0.74, 0.77, 0.77,      0.0f, 0.0f,
11.2187, 18.4687, 10.1300, 0.74, 0.77, 0.77,      0.0f, 0.0f,


//104
11.2216, 17.2952, 9.9376, 0.74, 0.77, 0.77,      0.0f, 0.0f,
11.2187, 18.4687, 10.1300, 0.74, 0.77, 0.77,      0.0f, 0.0f,
11.1941, 17.2928, 10.1099, 0.74, 0.77, 0.77,      0.0f, 0.0f,


//105
11.1941, 17.2928, 10.1099, 0.74, 0.77, 0.77,      0.0f, 0.0f,
11.2187, 18.4687, 10.1300, 0.74, 0.77, 0.77,      0.0f, 0.0f,
11.0464, 18.4728, 10.1026, 0.74, 0.77, 0.77,      0.0f, 0.0f,


//106
11.1941, 17.2928, 10.1099, 0.74, 0.77, 0.77,      0.0f, 0.0f,
11.0464, 18.4728, 10.1026, 0.74, 0.77, 0.77,      0.0f, 0.0f,
11.0218, 17.2969, 10.0825, 0.74, 0.77, 0.77,      0.0f, 0.0f,


//107
11.0218, 17.2969, 10.0825, 0.74, 0.77, 0.77,      0.0f, 0.0f,
11.0464, 18.4728, 10.1026, 0.74, 0.77, 0.77,      0.0f, 0.0f,
11.0739, 18.4751, 9.9303, 0.74, 0.77, 0.77,      0.0f, 0.0f,


//108
11.0218, 17.2969, 10.0825, 0.74, 0.77, 0.77,      0.0f, 0.0f,
11.0739, 18.4751, 9.9303, 0.74, 0.77, 0.77,      0.0f, 0.0f,
11.0493, 17.2992, 9.9102, 0.74, 0.77, 0.77,      0.0f, 0.0f,


//109
11.2216, 17.2952, 9.9376, 0.74, 0.77, 0.77,      0.0f, 0.0f,
11.1941, 17.2928, 10.1099, 0.74, 0.77, 0.77,      0.0f, 0.0f,
11.0218, 17.2969, 10.0825, 0.74, 0.77, 0.77,      0.0f, 0.0f,


//110
11.2216, 17.2952, 9.9376, 0.74, 0.77, 0.77,      0.0f, 0.0f,
11.0218, 17.2969, 10.0825, 0.74, 0.77, 0.77,      0.0f, 0.0f,
11.0493, 17.2992, 9.9102, 0.74, 0.77, 0.77,      0.0f, 0.0f,


//111
11.2187, 18.4687, 10.1300, 0.74, 0.77, 0.77,      0.0f, 0.0f,
11.2462, 18.4711, 9.9577, 0.74, 0.77, 0.77,      0.0f, 0.0f,
11.0739, 18.4751, 9.9303, 0.74, 0.77, 0.77,      0.0f, 0.0f,


//112
11.2187, 18.4687, 10.1300, 0.74, 0.77, 0.77,      0.0f, 0.0f,
11.0739, 18.4751, 9.9303, 0.74, 0.77, 0.77,      0.0f, 0.0f,
11.0464, 18.4728, 10.1026, 0.74, 0.77, 0.77,      0.0f, 0.0f,


//113
10.8491, 12.4978, 9.1215, 0.74, 0.77, 0.77,      0.0f, 0.0f,
11.1645, 12.4771, 9.9457, 0.74, 0.77, 0.77,      0.0f, 0.0f,
11.1597, 13.2505, 9.9556, 0.74, 0.77, 0.77,      0.0f, 0.0f,


//114
10.8491, 12.4978, 9.1215, 0.74, 0.77, 0.77,      0.0f, 0.0f,
11.1597, 13.2505, 9.9556, 0.74, 0.77, 0.77,      0.0f, 0.0f,
10.8519, 13.2706, 9.1513, 0.74, 0.77, 0.77,      0.0f, 0.0f,


//115
10.8547, 14.0435, 9.1810, 0.74, 0.77, 0.77,      0.0f, 0.0f,
11.1549, 14.0238, 9.9655, 0.74, 0.77, 0.77,      0.0f, 0.0f,
11.1500, 14.7972, 9.9753, 0.74, 0.77, 0.77,      0.0f, 0.0f,


//116
10.8547, 14.0435, 9.1810, 0.74, 0.77, 0.77,      0.0f, 0.0f,
11.1500, 14.7972, 9.9753, 0.74, 0.77, 0.77,      0.0f, 0.0f,
10.8574, 14.8164, 9.2107, 0.74, 0.77, 0.77,      0.0f, 0.0f,


//117
10.8602, 15.5893, 9.2404, 0.74, 0.77, 0.77,      0.0f, 0.0f,
11.1452, 15.5706, 9.9852, 0.74, 0.77, 0.77,      0.0f, 0.0f,
11.1404, 16.3439, 9.9951, 0.74, 0.77, 0.77,      0.0f, 0.0f,


//118
10.8602, 15.5893, 9.2404, 0.74, 0.77, 0.77,      0.0f, 0.0f,
11.1404, 16.3439, 9.9951, 0.74, 0.77, 0.77,      0.0f, 0.0f,
10.8630, 16.3621, 9.2702, 0.74, 0.77, 0.77,      0.0f, 0.0f,


//119
9.9777, 12.5184, 8.9829, 0.74, 0.77, 0.77,      0.0f, 0.0f,
10.8491, 12.4978, 9.1215, 0.74, 0.77, 0.77,      0.0f, 0.0f,
10.8519, 13.2706, 9.1513, 0.74, 0.77, 0.77,      0.0f, 0.0f,


//120
9.9777, 12.5184, 8.9829, 0.74, 0.77, 0.77,      0.0f, 0.0f,
10.8519, 13.2706, 9.1513, 0.74, 0.77, 0.77,      0.0f, 0.0f,
10.0014, 13.2907, 9.0159, 0.74, 0.77, 0.77,      0.0f, 0.0f,


//121
10.0252, 14.0631, 9.0490, 0.74, 0.77, 0.77,      0.0f, 0.0f,
10.8547, 14.0435, 9.1810, 0.74, 0.77, 0.77,      0.0f, 0.0f,
10.8574, 14.8164, 9.2107, 0.74, 0.77, 0.77,      0.0f, 0.0f,


//122
10.0252, 14.0631, 9.0490, 0.74, 0.77, 0.77,      0.0f, 0.0f,
10.8574, 14.8164, 9.2107, 0.74, 0.77, 0.77,      0.0f, 0.0f,
10.0489, 14.8355, 9.0821, 0.74, 0.77, 0.77,      0.0f, 0.0f,


//123
10.0727, 15.6079, 9.1151, 0.74, 0.77, 0.77,      0.0f, 0.0f,
10.8602, 15.5893, 9.2404, 0.74, 0.77, 0.77,      0.0f, 0.0f,
10.8630, 16.3621, 9.2702, 0.74, 0.77, 0.77,      0.0f, 0.0f,


//124
10.0727, 15.6079, 9.1151, 0.74, 0.77, 0.77,      0.0f, 0.0f,
10.8630, 16.3621, 9.2702, 0.74, 0.77, 0.77,      0.0f, 0.0f,
10.0964, 16.3802, 9.1482, 0.74, 0.77, 0.77,      0.0f, 0.0f,


//125
9.7369, 12.4976, 10.4925, 0.74, 0.77, 0.77,      0.0f, 0.0f,
9.4215, 12.5183, 9.6683, 0.74, 0.77, 0.77,      0.0f, 0.0f,
9.4587, 13.2907, 9.6849, 0.74, 0.77, 0.77,      0.0f, 0.0f,


//126
9.7369, 12.4976, 10.4925, 0.74, 0.77, 0.77,      0.0f, 0.0f,
9.4587, 13.2907, 9.6849, 0.74, 0.77, 0.77,      0.0f, 0.0f,
9.7665, 13.2705, 10.4892, 0.74, 0.77, 0.77,      0.0f, 0.0f,


//127
9.7960, 14.0433, 10.4859, 0.74, 0.77, 0.77,      0.0f, 0.0f,
9.4959, 14.0630, 9.7015, 0.74, 0.77, 0.77,      0.0f, 0.0f,
9.5330, 14.8354, 9.7180, 0.74, 0.77, 0.77,      0.0f, 0.0f,


//128
9.7960, 14.0433, 10.4859, 0.74, 0.77, 0.77,      0.0f, 0.0f,
9.5330, 14.8354, 9.7180, 0.74, 0.77, 0.77,      0.0f, 0.0f,
9.8256, 14.8162, 10.4826, 0.74, 0.77, 0.77,      0.0f, 0.0f,


//129
9.8552, 15.5891, 10.4793, 0.74, 0.77, 0.77,      0.0f, 0.0f,
9.5702, 15.6078, 9.7346, 0.74, 0.77, 0.77,      0.0f, 0.0f,
9.6073, 16.3802, 9.7511, 0.74, 0.77, 0.77,      0.0f, 0.0f,


//130
9.8552, 15.5891, 10.4793, 0.74, 0.77, 0.77,      0.0f, 0.0f,
9.6073, 16.3802, 9.7511, 0.74, 0.77, 0.77,      0.0f, 0.0f,
9.8847, 16.3620, 10.4760, 0.74, 0.77, 0.77,      0.0f, 0.0f,


//131
11.1645, 12.4771, 9.9457, 0.74, 0.77, 0.77,      0.0f, 0.0f,
10.6084, 12.4770, 10.6312, 0.74, 0.77, 0.77,      0.0f, 0.0f,
10.6170, 13.2504, 10.6246, 0.74, 0.77, 0.77,      0.0f, 0.0f,


//132
11.1645, 12.4771, 9.9457, 0.74, 0.77, 0.77,      0.0f, 0.0f,
10.6170, 13.2504, 10.6246, 0.74, 0.77, 0.77,      0.0f, 0.0f,
11.1597, 13.2505, 9.9556, 0.74, 0.77, 0.77,      0.0f, 0.0f,


//133
11.1549, 14.0238, 9.9655, 0.74, 0.77, 0.77,      0.0f, 0.0f,
10.6255, 14.0237, 10.6179, 0.74, 0.77, 0.77,      0.0f, 0.0f,
10.6341, 14.7971, 10.6113, 0.74, 0.77, 0.77,      0.0f, 0.0f,


//134
11.1549, 14.0238, 9.9655, 0.74, 0.77, 0.77,      0.0f, 0.0f,
10.6341, 14.7971, 10.6113, 0.74, 0.77, 0.77,      0.0f, 0.0f,
11.1500, 14.7972, 9.9753, 0.74, 0.77, 0.77,      0.0f, 0.0f,


//135
11.1452, 15.5706, 9.9852, 0.74, 0.77, 0.77,      0.0f, 0.0f,
10.6427, 15.5705, 10.6046, 0.74, 0.77, 0.77,      0.0f, 0.0f,
10.6512, 16.3439, 10.5980, 0.74, 0.77, 0.77,      0.0f, 0.0f,


//136
11.1452, 15.5706, 9.9852, 0.74, 0.77, 0.77,      0.0f, 0.0f,
10.6512, 16.3439, 10.5980, 0.74, 0.77, 0.77,      0.0f, 0.0f,
11.1404, 16.3439, 9.9951, 0.74, 0.77, 0.77,      0.0f, 0.0f,


//137
9.4215, 12.5183, 9.6683, 0.74, 0.77, 0.77,      0.0f, 0.0f,
9.9777, 12.5184, 8.9829, 0.74, 0.77, 0.77,      0.0f, 0.0f,
10.0014, 13.2907, 9.0159, 0.74, 0.77, 0.77,      0.0f, 0.0f,


//138
9.4215, 12.5183, 9.6683, 0.74, 0.77, 0.77,      0.0f, 0.0f,
10.0014, 13.2907, 9.0159, 0.74, 0.77, 0.77,      0.0f, 0.0f,
9.4587, 13.2907, 9.6849, 0.74, 0.77, 0.77,      0.0f, 0.0f,


//139
9.4959, 14.0630, 9.7015, 0.74, 0.77, 0.77,      0.0f, 0.0f,
10.0252, 14.0631, 9.0490, 0.74, 0.77, 0.77,      0.0f, 0.0f,
10.0489, 14.8355, 9.0821, 0.74, 0.77, 0.77,      0.0f, 0.0f,


//140
9.4959, 14.0630, 9.7015, 0.74, 0.77, 0.77,      0.0f, 0.0f,
10.0489, 14.8355, 9.0821, 0.74, 0.77, 0.77,      0.0f, 0.0f,
9.5330, 14.8354, 9.7180, 0.74, 0.77, 0.77,      0.0f, 0.0f,


//141
9.5702, 15.6078, 9.7346, 0.74, 0.77, 0.77,      0.0f, 0.0f,
10.0727, 15.6079, 9.1151, 0.74, 0.77, 0.77,      0.0f, 0.0f,
10.0964, 16.3802, 9.1482, 0.74, 0.77, 0.77,      0.0f, 0.0f,


//142
9.5702, 15.6078, 9.7346, 0.74, 0.77, 0.77,      0.0f, 0.0f,
10.0964, 16.3802, 9.1482, 0.74, 0.77, 0.77,      0.0f, 0.0f,
9.6073, 16.3802, 9.7511, 0.74, 0.77, 0.77,      0.0f, 0.0f,


//143
10.6084, 12.4770, 10.6312, 0.74, 0.77, 0.77,      0.0f, 0.0f,
9.7369, 12.4976, 10.4925, 0.74, 0.77, 0.77,      0.0f, 0.0f,
9.7665, 13.2705, 10.4892, 0.74, 0.77, 0.77,      0.0f, 0.0f,


//144
10.6084, 12.4770, 10.6312, 0.74, 0.77, 0.77,      0.0f, 0.0f,
9.7665, 13.2705, 10.4892, 0.74, 0.77, 0.77,      0.0f, 0.0f,
10.6170, 13.2504, 10.6246, 0.74, 0.77, 0.77,      0.0f, 0.0f,


//145
10.6255, 14.0237, 10.6179, 0.74, 0.77, 0.77,      0.0f, 0.0f,
9.7960, 14.0433, 10.4859, 0.74, 0.77, 0.77,      0.0f, 0.0f,
9.8256, 14.8162, 10.4826, 0.74, 0.77, 0.77,      0.0f, 0.0f,


//146
10.6255, 14.0237, 10.6179, 0.74, 0.77, 0.77,      0.0f, 0.0f,
9.8256, 14.8162, 10.4826, 0.74, 0.77, 0.77,      0.0f, 0.0f,
10.6341, 14.7971, 10.6113, 0.74, 0.77, 0.77,      0.0f, 0.0f,


//147
10.6427, 15.5705, 10.6046, 0.74, 0.77, 0.77,      0.0f, 0.0f,
9.8552, 15.5891, 10.4793, 0.74, 0.77, 0.77,      0.0f, 0.0f,
9.8847, 16.3620, 10.4760, 0.74, 0.77, 0.77,      0.0f, 0.0f,


//148
10.6427, 15.5705, 10.6046, 0.74, 0.77, 0.77,      0.0f, 0.0f,
9.8847, 16.3620, 10.4760, 0.74, 0.77, 0.77,      0.0f, 0.0f,
10.6512, 16.3439, 10.5980, 0.74, 0.77, 0.77,      0.0f, 0.0f,




};