float menara [] = {
//1
6.5599, 11.1582, 8.4504, 0.74, 0.77, 0.77,      0.0f, 0.0f,
7.3893, 11.3129, 8.9726, 0.74, 0.77, 0.77,      0.0f, 0.0f,
6.6644, 11.4069, 7.4680, 0.74, 0.77, 0.77,      0.0f, 0.0f,


//2
2.1056, 11.3774, 4.0910, 0.74, 0.77, 0.77,      0.0f, 0.0f,
2.8180, 11.5660, 3.3806, 0.74, 0.77, 0.77,      0.0f, 0.0f,
2.0000, 11.7092, 2.5604, 0.74, 0.77, 0.77,      0.0f, 0.0f,


//3
5.0406, 11.4550, 6.9153, 0.74, 0.77, 0.77,      0.0f, 0.0f,
6.6644, 11.4069, 7.4680, 0.74, 0.77, 0.77,      0.0f, 0.0f,
5.7915, 11.8170, 5.8205, 0.74, 0.77, 0.77,      0.0f, 0.0f,


//4
4.3353, 11.4620, 5.4895, 0.74, 0.77, 0.77,      0.0f, 0.0f,
5.7915, 11.8170, 5.8205, 0.74, 0.77, 0.77,      0.0f, 0.0f,
5.7560, 11.4901, 4.0524, 0.74, 0.77, 0.77,      0.0f, 0.0f,


//5
8.4505, 11.6493, 8.3495, 0.74, 0.77, 0.77,      0.0f, 0.0f,
9.7851, 11.6873, 8.6406, 0.74, 0.77, 0.77,      0.0f, 0.0f,
8.6536, 11.4563, 6.9434, 0.74, 0.77, 0.77,      0.0f, 0.0f,


//6
9.5148, 11.7560, 9.5019, 0.74, 0.77, 0.77,      0.0f, 0.0f,
10.5029, 11.6794, 9.2648, 0.74, 0.77, 0.77,      0.0f, 0.0f,
9.7851, 11.6873, 8.6406, 0.74, 0.77, 0.77,      0.0f, 0.0f,


//7
5.7915, 11.8170, 5.8205, 0.74, 0.77, 0.77,      0.0f, 0.0f,
7.6438, 11.5056, 5.4966, 0.74, 0.77, 0.77,      0.0f, 0.0f,
7.3250, 11.4638, 4.4334, 0.74, 0.77, 0.77,      0.0f, 0.0f,


//8
10.5029, 11.6794, 9.2648, 0.74, 0.77, 0.77,      0.0f, 0.0f,
11.1277, 11.5190, 8.2508, 0.74, 0.77, 0.77,      0.0f, 0.0f,
10.4267, 11.5047, 7.4412, 0.74, 0.77, 0.77,      0.0f, 0.0f,


//9
3.9768, 11.4503, 2.2690, 0.74, 0.77, 0.77,      0.0f, 0.0f,
6.0914, 11.5926, 1.7196, 0.74, 0.77, 0.77,      0.0f, 0.0f,
5.6289, 11.5585, 1.2630, 0.74, 0.77, 0.77,      0.0f, 0.0f,


//10
7.3250, 11.4638, 4.4334, 0.74, 0.77, 0.77,      0.0f, 0.0f,
8.3163, 11.6632, 4.5378, 0.74, 0.77, 0.77,      0.0f, 0.0f,
7.8782, 11.4554, 3.1545, 0.74, 0.77, 0.77,      0.0f, 0.0f,


//11
8.6536, 11.4563, 6.9434, 0.74, 0.77, 0.77,      0.0f, 0.0f,
10.0815, 11.4517, 6.3592, 0.74, 0.77, 0.77,      0.0f, 0.0f,
9.7363, 11.5237, 5.8459, 0.74, 0.77, 0.77,      0.0f, 0.0f,


//12
8.6080, 11.4960, 6.3534, 0.74, 0.77, 0.77,      0.0f, 0.0f,
8.6536, 11.4563, 6.9434, 0.74, 0.77, 0.77,      0.0f, 0.0f,
9.7363, 11.5237, 5.8459, 0.74, 0.77, 0.77,      0.0f, 0.0f,


//13
8.6080, 11.4960, 6.3534, 0.74, 0.77, 0.77,      0.0f, 0.0f,
9.7363, 11.5237, 5.8459, 0.74, 0.77, 0.77,      0.0f, 0.0f,
8.8211, 11.8162, 5.2011, 0.74, 0.77, 0.77,      0.0f, 0.0f,


//14
7.6438, 11.5056, 5.4966, 0.74, 0.77, 0.77,      0.0f, 0.0f,
8.8211, 11.8162, 5.2011, 0.74, 0.77, 0.77,      0.0f, 0.0f,
8.3163, 11.6632, 4.5378, 0.74, 0.77, 0.77,      0.0f, 0.0f,


//15
3.9768, 11.4503, 2.2690, 0.74, 0.77, 0.77,      0.0f, 0.0f,
4.0404, 11.3324, -0.3149, 0.74, 0.77, 0.77,      0.0f, 0.0f,
2.9673, 11.2891, 0.4925, 0.74, 0.77, 0.77,      0.0f, 0.0f,


//16
3.9768, 11.4503, 2.2690, 0.74, 0.77, 0.77,      0.0f, 0.0f,
5.6289, 11.5585, 1.2630, 0.74, 0.77, 0.77,      0.0f, 0.0f,
4.8968, 11.4234, -0.1088, 0.74, 0.77, 0.77,      0.0f, 0.0f,


//17
2.9673, 11.2891, 0.4925, 0.74, 0.77, 0.77,      0.0f, 0.0f,
3.1684, 11.0146, -0.5268, 0.74, 0.77, 0.77,      0.0f, 0.0f,
2.6001, 11.1332, -0.2761, 0.74, 0.77, 0.77,      0.0f, 0.0f,


//18
7.4641, 11.4805, 6.8098, 0.74, 0.77, 0.77,      0.0f, 0.0f,
8.6536, 11.4563, 6.9434, 0.74, 0.77, 0.77,      0.0f, 0.0f,
7.6438, 11.5056, 5.4966, 0.74, 0.77, 0.77,      0.0f, 0.0f,


//19
2.9673, 11.2891, 0.4925, 0.74, 0.77, 0.77,      0.0f, 0.0f,
2.6001, 11.1332, -0.2761, 0.74, 0.77, 0.77,      0.0f, 0.0f,
2.0382, 11.0533, -0.3206, 0.74, 0.77, 0.77,      0.0f, 0.0f,


//20
10.4439, 11.8753, 10.4848, 0.74, 0.77, 0.77,      0.0f, 0.0f,
12.0118, 11.4748, 10.2572, 0.74, 0.77, 0.77,      0.0f, 0.0f,
10.5029, 11.6794, 9.2648, 0.74, 0.77, 0.77,      0.0f, 0.0f,


//21
5.7915, 11.8170, 5.8205, 0.74, 0.77, 0.77,      0.0f, 0.0f,
7.4641, 11.4805, 6.8098, 0.74, 0.77, 0.77,      0.0f, 0.0f,
7.6438, 11.5056, 5.4966, 0.74, 0.77, 0.77,      0.0f, 0.0f,


//22
5.7560, 11.4901, 4.0524, 0.74, 0.77, 0.77,      0.0f, 0.0f,
6.0914, 11.5926, 1.7196, 0.74, 0.77, 0.77,      0.0f, 0.0f,
3.9768, 11.4503, 2.2690, 0.74, 0.77, 0.77,      0.0f, 0.0f,


//23
1.4483, 11.0082, 0.8284, 0.74, 0.77, 0.77,      0.0f, 0.0f,
2.9673, 11.2891, 0.4925, 0.74, 0.77, 0.77,      0.0f, 0.0f,
2.0382, 11.0533, -0.3206, 0.74, 0.77, 0.77,      0.0f, 0.0f,


//24
2.0000, 11.7092, 2.5604, 0.74, 0.77, 0.77,      0.0f, 0.0f,
3.3505, 11.5251, 2.2433, 0.74, 0.77, 0.77,      0.0f, 0.0f,
2.9673, 11.2891, 0.4925, 0.74, 0.77, 0.77,      0.0f, 0.0f,


//25
3.9768, 11.4503, 2.2690, 0.74, 0.77, 0.77,      0.0f, 0.0f,
3.3505, 11.5251, 2.2433, 0.74, 0.77, 0.77,      0.0f, 0.0f,
2.8180, 11.5660, 3.3806, 0.74, 0.77, 0.77,      0.0f, 0.0f,


//26
10.0674, 11.7043, 10.0479, 0.74, 0.77, 0.77,      0.0f, 0.0f,
10.4439, 11.8753, 10.4848, 0.74, 0.77, 0.77,      0.0f, 0.0f,
10.5029, 11.6794, 9.2648, 0.74, 0.77, 0.77,      0.0f, 0.0f,


//27
11.3853, 11.5236, 10.9500, 0.74, 0.77, 0.77,      0.0f, 0.0f,
10.4439, 11.8753, 10.4848, 0.74, 0.77, 0.77,      0.0f, 0.0f,
10.2804, 11.6258, 10.7503, 0.74, 0.77, 0.77,      0.0f, 0.0f,


//28
6.6644, 11.4069, 7.4680, 0.74, 0.77, 0.77,      0.0f, 0.0f,
7.4512, 11.7871, 7.9735, 0.74, 0.77, 0.77,      0.0f, 0.0f,
7.4641, 11.4805, 6.8098, 0.74, 0.77, 0.77,      0.0f, 0.0f,


//29
2.0000, 11.7092, 2.5604, 0.74, 0.77, 0.77,      0.0f, 0.0f,
1.0397, 10.9053, 1.9496, 0.74, 0.77, 0.77,      0.0f, 0.0f,
0.6479, 11.9171, 2.6144, 0.74, 0.77, 0.77,      0.0f, 0.0f,


//30
10.2804, 11.6258, 10.7503, 0.74, 0.77, 0.77,      0.0f, 0.0f,
10.0674, 11.7043, 10.0479, 0.74, 0.77, 0.77,      0.0f, 0.0f,
9.5148, 11.7560, 9.5019, 0.74, 0.77, 0.77,      0.0f, 0.0f,


//31
8.8022, 11.6836, 9.6029, 0.74, 0.77, 0.77,      0.0f, 0.0f,
8.4505, 11.6493, 8.3495, 0.74, 0.77, 0.77,      0.0f, 0.0f,
7.3893, 11.3129, 8.9726, 0.74, 0.77, 0.77,      0.0f, 0.0f,


//32
3.1309, 11.4461, 4.0190, 0.74, 0.77, 0.77,      0.0f, 0.0f,
2.8180, 11.5660, 3.3806, 0.74, 0.77, 0.77,      0.0f, 0.0f,
2.1056, 11.3774, 4.0910, 0.74, 0.77, 0.77,      0.0f, 0.0f,


//33
9.5148, 11.7560, 9.5019, 0.74, 0.77, 0.77,      0.0f, 0.0f,
9.5618, 11.5481, 11.3765, 0.74, 0.77, 0.77,      0.0f, 0.0f,
10.2804, 11.6258, 10.7503, 0.74, 0.77, 0.77,      0.0f, 0.0f,


//34
4.3353, 11.4620, 5.4895, 0.74, 0.77, 0.77,      0.0f, 0.0f,
3.2840, 11.4456, 4.7669, 0.74, 0.77, 0.77,      0.0f, 0.0f,
2.5733, 11.4401, 6.3795, 0.74, 0.77, 0.77,      0.0f, 0.0f,


//35
0.4547, 10.9467, 4.6893, 0.74, 0.77, 0.77,      0.0f, 0.0f,
0.5596, 10.9226, 4.9938, 0.74, 0.77, 0.77,      0.0f, 0.0f,
2.1056, 11.3774, 4.0910, 0.74, 0.77, 0.77,      0.0f, 0.0f,


//36
9.5148, 11.7560, 9.5019, 0.74, 0.77, 0.77,      0.0f, 0.0f,
8.8022, 11.6836, 9.6029, 0.74, 0.77, 0.77,      0.0f, 0.0f,
8.1548, 11.5309, 10.8814, 0.74, 0.77, 0.77,      0.0f, 0.0f,


//37
6.0559, 11.0723, 9.2862, 0.74, 0.77, 0.77,      0.0f, 0.0f,
6.8071, 11.1339, 10.1435, 0.74, 0.77, 0.77,      0.0f, 0.0f,
6.5599, 11.1582, 8.4504, 0.74, 0.77, 0.77,      0.0f, 0.0f,


//38
4.6502, 11.3958, 7.7547, 0.74, 0.77, 0.77,      0.0f, 0.0f,
5.0406, 11.4550, 6.9153, 0.74, 0.77, 0.77,      0.0f, 0.0f,
2.5733, 11.4401, 6.3795, 0.74, 0.77, 0.77,      0.0f, 0.0f,


//39
4.6502, 11.3958, 7.7547, 0.74, 0.77, 0.77,      0.0f, 0.0f,
6.5599, 11.1582, 8.4504, 0.74, 0.77, 0.77,      0.0f, 0.0f,
5.0406, 11.4550, 6.9153, 0.74, 0.77, 0.77,      0.0f, 0.0f,


//40
6.8071, 11.1339, 10.1435, 0.74, 0.77, 0.77,      0.0f, 0.0f,
6.0559, 11.0723, 9.2862, 0.74, 0.77, 0.77,      0.0f, 0.0f,
6.4697, 9.6338, 9.7449, 0.74, 0.77, 0.77,      0.0f, 0.0f,


//41
8.7777, 11.2716, 5.3092, 0.74, 0.77, 0.77,      0.0f, 0.0f,
8.8211, 11.8162, 5.2011, 0.74, 0.77, 0.77,      0.0f, 0.0f,
9.7363, 11.5237, 5.8459, 0.74, 0.77, 0.77,      0.0f, 0.0f,


//42
11.7126, 9.9010, 10.8233, 0.74, 0.77, 0.77,      0.0f, 0.0f,
12.0118, 11.4748, 10.2572, 0.74, 0.77, 0.77,      0.0f, 0.0f,
11.3853, 11.5236, 10.9500, 0.74, 0.77, 0.77,      0.0f, 0.0f,


//43
0.6056, 10.5596, 3.5852, 0.74, 0.77, 0.77,      0.0f, 0.0f,
0.6192, 11.1665, 4.1110, 0.74, 0.77, 0.77,      0.0f, 0.0f,
0.7196, 11.5800, 3.3775, 0.74, 0.77, 0.77,      0.0f, 0.0f,


//44
0.9407, 10.6318, 3.1143, 0.74, 0.77, 0.77,      0.0f, 0.0f,
0.7196, 11.5800, 3.3775, 0.74, 0.77, 0.77,      0.0f, 0.0f,
0.6479, 11.9171, 2.6144, 0.74, 0.77, 0.77,      0.0f, 0.0f,


//45
0.9997, 11.0491, 5.4680, 0.74, 0.77, 0.77,      0.0f, 0.0f,
0.5596, 10.9226, 4.9938, 0.74, 0.77, 0.77,      0.0f, 0.0f,
0.7135, 9.4846, 5.2032, 0.74, 0.77, 0.77,      0.0f, 0.0f,


//46
3.5056, 11.3544, -0.3988, 0.74, 0.77, 0.77,      0.0f, 0.0f,
4.0404, 11.3324, -0.3149, 0.74, 0.77, 0.77,      0.0f, 0.0f,
4.1128, 9.7367, -0.3969, 0.74, 0.77, 0.77,      0.0f, 0.0f,


//47
6.2364, 10.7029, 1.9965, 0.74, 0.77, 0.77,      0.0f, 0.0f,
5.6289, 11.5585, 1.2630, 0.74, 0.77, 0.77,      0.0f, 0.0f,
6.0914, 11.5926, 1.7196, 0.74, 0.77, 0.77,      0.0f, 0.0f,


//48
4.3113, 11.3962, -0.3129, 0.74, 0.77, 0.77,      0.0f, 0.0f,
4.8968, 11.4234, -0.1088, 0.74, 0.77, 0.77,      0.0f, 0.0f,
4.8731, 9.8803, -0.1908, 0.74, 0.77, 0.77,      0.0f, 0.0f,


//49
3.7619, 9.9108, 7.0982, 0.74, 0.77, 0.77,      0.0f, 0.0f,
4.6502, 11.3958, 7.7547, 0.74, 0.77, 0.77,      0.0f, 0.0f,
2.5733, 11.4401, 6.3795, 0.74, 0.77, 0.77,      0.0f, 0.0f,


//50
4.8719, 9.8653, 7.9297, 0.74, 0.77, 0.77,      0.0f, 0.0f,
5.7063, 9.6965, 8.8235, 0.74, 0.77, 0.77,      0.0f, 0.0f,
4.6502, 11.3958, 7.7547, 0.74, 0.77, 0.77,      0.0f, 0.0f,


//51
6.9560, 10.0501, 2.6957, 0.74, 0.77, 0.77,      0.0f, 0.0f,
6.3901, 10.1026, 2.1957, 0.74, 0.77, 0.77,      0.0f, 0.0f,
6.2364, 10.7029, 1.9965, 0.74, 0.77, 0.77,      0.0f, 0.0f,


//52
2.0271, 9.2994, -0.8687, 0.74, 0.77, 0.77,      0.0f, 0.0f,
2.2451, 10.0908, -0.7000, 0.74, 0.77, 0.77,      0.0f, 0.0f,
3.3844, 9.5291, -0.7799, 0.74, 0.77, 0.77,      0.0f, 0.0f,


//53
7.6107, 10.3065, 3.3669, 0.74, 0.77, 0.77,      0.0f, 0.0f,
7.8782, 11.4554, 3.1545, 0.74, 0.77, 0.77,      0.0f, 0.0f,
8.3163, 11.6632, 4.5378, 0.74, 0.77, 0.77,      0.0f, 0.0f,


//54
5.6118, 9.9645, 1.0655, 0.74, 0.77, 0.77,      0.0f, 0.0f,
4.8968, 11.4234, -0.1088, 0.74, 0.77, 0.77,      0.0f, 0.0f,
5.6289, 11.5585, 1.2630, 0.74, 0.77, 0.77,      0.0f, 0.0f,


//55
6.9560, 10.0501, 2.6957, 0.74, 0.77, 0.77,      0.0f, 0.0f,
6.2364, 10.7029, 1.9965, 0.74, 0.77, 0.77,      0.0f, 0.0f,
7.5800, 11.4818, 2.7436, 0.74, 0.77, 0.77,      0.0f, 0.0f,


//56
9.7834, 9.9422, 11.3537, 0.74, 0.77, 0.77,      0.0f, 0.0f,
11.7126, 9.9010, 10.8233, 0.74, 0.77, 0.77,      0.0f, 0.0f,
11.3853, 11.5236, 10.9500, 0.74, 0.77, 0.77,      0.0f, 0.0f,


//57
2.4197, 9.8802, 6.2927, 0.74, 0.77, 0.77,      0.0f, 0.0f,
0.9997, 11.0491, 5.4680, 0.74, 0.77, 0.77,      0.0f, 0.0f,
0.7135, 9.4846, 5.2032, 0.74, 0.77, 0.77,      0.0f, 0.0f,


//58
3.7619, 9.9108, 7.0982, 0.74, 0.77, 0.77,      0.0f, 0.0f,
0.9997, 11.0491, 5.4680, 0.74, 0.77, 0.77,      0.0f, 0.0f,
2.4197, 9.8802, 6.2927, 0.74, 0.77, 0.77,      0.0f, 0.0f,


//59
0.7536, 9.4939, 1.4200, 0.74, 0.77, 0.77,      0.0f, 0.0f,
0.5237, 9.7916, 2.3414, 0.74, 0.77, 0.77,      0.0f, 0.0f,
1.4483, 11.0082, 0.8284, 0.74, 0.77, 0.77,      0.0f, 0.0f,


//60
5.6118, 9.9645, 1.0655, 0.74, 0.77, 0.77,      0.0f, 0.0f,
4.8731, 9.8803, -0.1908, 0.74, 0.77, 0.77,      0.0f, 0.0f,
4.8968, 11.4234, -0.1088, 0.74, 0.77, 0.77,      0.0f, 0.0f,


//61
4.1128, 9.7367, -0.3969, 0.74, 0.77, 0.77,      0.0f, 0.0f,
4.3113, 11.3962, -0.3129, 0.74, 0.77, 0.77,      0.0f, 0.0f,
4.4725, 9.8934, -0.3219, 0.74, 0.77, 0.77,      0.0f, 0.0f,


//62
0.4653, 8.9505, 2.8499, 0.74, 0.77, 0.77,      0.0f, 0.0f,
0.6056, 10.5596, 3.5852, 0.74, 0.77, 0.77,      0.0f, 0.0f,
0.9407, 10.6318, 3.1143, 0.74, 0.77, 0.77,      0.0f, 0.0f,


//63
0.7135, 9.4846, 5.2032, 0.74, 0.77, 0.77,      0.0f, 0.0f,
0.2937, 10.3994, 4.5536, 0.74, 0.77, 0.77,      0.0f, 0.0f,
0.2092, 9.4807, 4.3812, 0.74, 0.77, 0.77,      0.0f, 0.0f,


//64
3.1684, 11.0146, -0.5268, 0.74, 0.77, 0.77,      0.0f, 0.0f,
3.5056, 11.3544, -0.3988, 0.74, 0.77, 0.77,      0.0f, 0.0f,
3.6127, 9.8919, -0.5261, 0.74, 0.77, 0.77,      0.0f, 0.0f,


//65
0.3736, 9.6615, 3.5715, 0.74, 0.77, 0.77,      0.0f, 0.0f,
-0.1532, 9.6366, 3.9260, 0.74, 0.77, 0.77,      0.0f, 0.0f,
0.6056, 10.5596, 3.5852, 0.74, 0.77, 0.77,      0.0f, 0.0f,


//66
9.7834, 9.9422, 11.3537, 0.74, 0.77, 0.77,      0.0f, 0.0f,
9.5618, 11.5481, 11.3765, 0.74, 0.77, 0.77,      0.0f, 0.0f,
8.9764, 9.8997, 11.8799, 0.74, 0.77, 0.77,      0.0f, 0.0f,


//67
8.1884, 9.9410, 10.9453, 0.74, 0.77, 0.77,      0.0f, 0.0f,
8.9838, 11.4843, 11.8689, 0.74, 0.77, 0.77,      0.0f, 0.0f,
8.1548, 11.5309, 10.8814, 0.74, 0.77, 0.77,      0.0f, 0.0f,


//68
-0.1532, 9.6366, 3.9260, 0.74, 0.77, 0.77,      0.0f, 0.0f,
0.2092, 9.4807, 4.3812, 0.74, 0.77, 0.77,      0.0f, 0.0f,
-0.1331, 10.2120, 3.9457, 0.74, 0.77, 0.77,      0.0f, 0.0f,


//69
-0.1331, 10.2120, 3.9457, 0.74, 0.77, 0.77,      0.0f, 0.0f,
0.2937, 10.3994, 4.5536, 0.74, 0.77, 0.77,      0.0f, 0.0f,
0.6192, 11.1665, 4.1110, 0.74, 0.77, 0.77,      0.0f, 0.0f,


//70
9.5618, 11.5481, 11.3765, 0.74, 0.77, 0.77,      0.0f, 0.0f,
8.9838, 11.4843, 11.8689, 0.74, 0.77, 0.77,      0.0f, 0.0f,
8.9764, 9.8997, 11.8799, 0.74, 0.77, 0.77,      0.0f, 0.0f,


//71
8.1884, 9.9410, 10.9453, 0.74, 0.77, 0.77,      0.0f, 0.0f,
8.1548, 11.5309, 10.8814, 0.74, 0.77, 0.77,      0.0f, 0.0f,
7.2852, 9.7980, 10.4191, 0.74, 0.77, 0.77,      0.0f, 0.0f,


//72
0.5237, 9.7916, 2.3414, 0.74, 0.77, 0.77,      0.0f, 0.0f,
0.9407, 10.6318, 3.1143, 0.74, 0.77, 0.77,      0.0f, 0.0f,
0.6479, 11.9171, 2.6144, 0.74, 0.77, 0.77,      0.0f, 0.0f,


//73
9.6083, 10.8121, 5.7400, 0.74, 0.77, 0.77,      0.0f, 0.0f,
9.7363, 11.5237, 5.8459, 0.74, 0.77, 0.77,      0.0f, 0.0f,
9.6364, 9.9807, 5.6907, 0.74, 0.77, 0.77,      0.0f, 0.0f,


//74
7.2852, 9.7980, 10.4191, 0.74, 0.77, 0.77,      0.0f, 0.0f,
6.8071, 11.1339, 10.1435, 0.74, 0.77, 0.77,      0.0f, 0.0f,
6.4697, 9.6338, 9.7449, 0.74, 0.77, 0.77,      0.0f, 0.0f,


//75
8.1548, 11.5309, 10.8814, 0.74, 0.77, 0.77,      0.0f, 0.0f,
6.8071, 11.1339, 10.1435, 0.74, 0.77, 0.77,      0.0f, 0.0f,
7.2852, 9.7980, 10.4191, 0.74, 0.77, 0.77,      0.0f, 0.0f,


//76
1.2324, 9.7039, 0.0149, 0.74, 0.77, 0.77,      0.0f, 0.0f,
2.2451, 10.0908, -0.7000, 0.74, 0.77, 0.77,      0.0f, 0.0f,
2.0271, 9.2994, -0.8687, 0.74, 0.77, 0.77,      0.0f, 0.0f,


//77
1.2324, 9.7039, 0.0149, 0.74, 0.77, 0.77,      0.0f, 0.0f,
2.0382, 11.0533, -0.3206, 0.74, 0.77, 0.77,      0.0f, 0.0f,
2.2451, 10.0908, -0.7000, 0.74, 0.77, 0.77,      0.0f, 0.0f,


//78
8.7777, 11.2716, 5.3092, 0.74, 0.77, 0.77,      0.0f, 0.0f,
9.6083, 10.8121, 5.7400, 0.74, 0.77, 0.77,      0.0f, 0.0f,
9.6364, 9.9807, 5.6907, 0.74, 0.77, 0.77,      0.0f, 0.0f,


//79
8.7777, 11.2716, 5.3092, 0.74, 0.77, 0.77,      0.0f, 0.0f,
9.7363, 11.5237, 5.8459, 0.74, 0.77, 0.77,      0.0f, 0.0f,
9.6083, 10.8121, 5.7400, 0.74, 0.77, 0.77,      0.0f, 0.0f,


//80
0.4653, 8.9505, 2.8499, 0.74, 0.77, 0.77,      0.0f, 0.0f,
0.9407, 10.6318, 3.1143, 0.74, 0.77, 0.77,      0.0f, 0.0f,
0.5237, 9.7916, 2.3414, 0.74, 0.77, 0.77,      0.0f, 0.0f,


//81
9.6364, 9.9807, 5.6907, 0.74, 0.77, 0.77,      0.0f, 0.0f,
10.0815, 11.4517, 6.3592, 0.74, 0.77, 0.77,      0.0f, 0.0f,
10.3243, 9.9062, 6.6276, 0.74, 0.77, 0.77,      0.0f, 0.0f,


//82
5.7063, 9.6965, 8.8235, 0.74, 0.77, 0.77,      0.0f, 0.0f,
6.4697, 9.6338, 9.7449, 0.74, 0.77, 0.77,      0.0f, 0.0f,
6.0559, 11.0723, 9.2862, 0.74, 0.77, 0.77,      0.0f, 0.0f,


//83
7.9464, 9.9675, 3.9011, 0.74, 0.77, 0.77,      0.0f, 0.0f,
7.6107, 10.3065, 3.3669, 0.74, 0.77, 0.77,      0.0f, 0.0f,
8.3404, 11.1002, 4.7214, 0.74, 0.77, 0.77,      0.0f, 0.0f,


//84
9.5618, 11.5481, 11.3765, 0.74, 0.77, 0.77,      0.0f, 0.0f,
11.3853, 11.5236, 10.9500, 0.74, 0.77, 0.77,      0.0f, 0.0f,
10.2804, 11.6258, 10.7503, 0.74, 0.77, 0.77,      0.0f, 0.0f,


//85
8.8022, 11.6836, 9.6029, 0.74, 0.77, 0.77,      0.0f, 0.0f,
9.5148, 11.7560, 9.5019, 0.74, 0.77, 0.77,      0.0f, 0.0f,
8.4505, 11.6493, 8.3495, 0.74, 0.77, 0.77,      0.0f, 0.0f,


//86
3.2840, 11.4456, 4.7669, 0.74, 0.77, 0.77,      0.0f, 0.0f,
3.9768, 11.4503, 2.2690, 0.74, 0.77, 0.77,      0.0f, 0.0f,
3.1309, 11.4461, 4.0190, 0.74, 0.77, 0.77,      0.0f, 0.0f,


//87
9.5148, 11.7560, 9.5019, 0.74, 0.77, 0.77,      0.0f, 0.0f,
10.0674, 11.7043, 10.0479, 0.74, 0.77, 0.77,      0.0f, 0.0f,
10.5029, 11.6794, 9.2648, 0.74, 0.77, 0.77,      0.0f, 0.0f,


//88
7.4641, 11.4805, 6.8098, 0.74, 0.77, 0.77,      0.0f, 0.0f,
7.4512, 11.7871, 7.9735, 0.74, 0.77, 0.77,      0.0f, 0.0f,
8.6536, 11.4563, 6.9434, 0.74, 0.77, 0.77,      0.0f, 0.0f,


//89
2.9673, 11.2891, 0.4925, 0.74, 0.77, 0.77,      0.0f, 0.0f,
3.3505, 11.5251, 2.2433, 0.74, 0.77, 0.77,      0.0f, 0.0f,
3.9768, 11.4503, 2.2690, 0.74, 0.77, 0.77,      0.0f, 0.0f,


//90
8.6536, 11.4563, 6.9434, 0.74, 0.77, 0.77,      0.0f, 0.0f,
9.7851, 11.6873, 8.6406, 0.74, 0.77, 0.77,      0.0f, 0.0f,
10.4267, 11.5047, 7.4412, 0.74, 0.77, 0.77,      0.0f, 0.0f,


//91
10.5029, 11.6794, 9.2648, 0.74, 0.77, 0.77,      0.0f, 0.0f,
12.0118, 11.4748, 10.2572, 0.74, 0.77, 0.77,      0.0f, 0.0f,
11.1277, 11.5190, 8.2508, 0.74, 0.77, 0.77,      0.0f, 0.0f,


//92
7.6438, 11.5056, 5.4966, 0.74, 0.77, 0.77,      0.0f, 0.0f,
8.6536, 11.4563, 6.9434, 0.74, 0.77, 0.77,      0.0f, 0.0f,
8.6080, 11.4960, 6.3534, 0.74, 0.77, 0.77,      0.0f, 0.0f,


//93
7.6438, 11.5056, 5.4966, 0.74, 0.77, 0.77,      0.0f, 0.0f,
8.6080, 11.4960, 6.3534, 0.74, 0.77, 0.77,      0.0f, 0.0f,
8.8211, 11.8162, 5.2011, 0.74, 0.77, 0.77,      0.0f, 0.0f,


//94
10.4267, 11.5047, 7.4412, 0.74, 0.77, 0.77,      0.0f, 0.0f,
11.1277, 11.5190, 8.2508, 0.74, 0.77, 0.77,      0.0f, 0.0f,
10.5911, 11.5500, 7.2836, 0.74, 0.77, 0.77,      0.0f, 0.0f,


//95
10.4267, 11.5047, 7.4412, 0.74, 0.77, 0.77,      0.0f, 0.0f,
10.5911, 11.5500, 7.2836, 0.74, 0.77, 0.77,      0.0f, 0.0f,
10.5204, 11.5358, 6.7802, 0.74, 0.77, 0.77,      0.0f, 0.0f,


//96
7.3250, 11.4638, 4.4334, 0.74, 0.77, 0.77,      0.0f, 0.0f,
7.6438, 11.5056, 5.4966, 0.74, 0.77, 0.77,      0.0f, 0.0f,
8.3163, 11.6632, 4.5378, 0.74, 0.77, 0.77,      0.0f, 0.0f,


//97
5.7560, 11.4901, 4.0524, 0.74, 0.77, 0.77,      0.0f, 0.0f,
7.5800, 11.4818, 2.7436, 0.74, 0.77, 0.77,      0.0f, 0.0f,
6.0914, 11.5926, 1.7196, 0.74, 0.77, 0.77,      0.0f, 0.0f,


//98
9.7851, 11.6873, 8.6406, 0.74, 0.77, 0.77,      0.0f, 0.0f,
10.5029, 11.6794, 9.2648, 0.74, 0.77, 0.77,      0.0f, 0.0f,
10.4267, 11.5047, 7.4412, 0.74, 0.77, 0.77,      0.0f, 0.0f,


//99
5.7560, 11.4901, 4.0524, 0.74, 0.77, 0.77,      0.0f, 0.0f,
5.7915, 11.8170, 5.8205, 0.74, 0.77, 0.77,      0.0f, 0.0f,
7.3250, 11.4638, 4.4334, 0.74, 0.77, 0.77,      0.0f, 0.0f,


//100
11.3853, 11.5236, 10.9500, 0.74, 0.77, 0.77,      0.0f, 0.0f,
12.0118, 11.4748, 10.2572, 0.74, 0.77, 0.77,      0.0f, 0.0f,
10.4439, 11.8753, 10.4848, 0.74, 0.77, 0.77,      0.0f, 0.0f,


//101
7.4512, 11.7871, 7.9735, 0.74, 0.77, 0.77,      0.0f, 0.0f,
8.4505, 11.6493, 8.3495, 0.74, 0.77, 0.77,      0.0f, 0.0f,
8.6536, 11.4563, 6.9434, 0.74, 0.77, 0.77,      0.0f, 0.0f,


//102
3.1309, 11.4461, 4.0190, 0.74, 0.77, 0.77,      0.0f, 0.0f,
3.9768, 11.4503, 2.2690, 0.74, 0.77, 0.77,      0.0f, 0.0f,
2.8180, 11.5660, 3.3806, 0.74, 0.77, 0.77,      0.0f, 0.0f,


//103
2.0000, 11.7092, 2.5604, 0.74, 0.77, 0.77,      0.0f, 0.0f,
2.8180, 11.5660, 3.3806, 0.74, 0.77, 0.77,      0.0f, 0.0f,
3.3505, 11.5251, 2.2433, 0.74, 0.77, 0.77,      0.0f, 0.0f,


//104
10.0674, 11.7043, 10.0479, 0.74, 0.77, 0.77,      0.0f, 0.0f,
10.2804, 11.6258, 10.7503, 0.74, 0.77, 0.77,      0.0f, 0.0f,
10.4439, 11.8753, 10.4848, 0.74, 0.77, 0.77,      0.0f, 0.0f,


//105
9.5148, 11.7560, 9.5019, 0.74, 0.77, 0.77,      0.0f, 0.0f,
9.7851, 11.6873, 8.6406, 0.74, 0.77, 0.77,      0.0f, 0.0f,
8.4505, 11.6493, 8.3495, 0.74, 0.77, 0.77,      0.0f, 0.0f,


//106
6.6644, 11.4069, 7.4680, 0.74, 0.77, 0.77,      0.0f, 0.0f,
7.4641, 11.4805, 6.8098, 0.74, 0.77, 0.77,      0.0f, 0.0f,
5.7915, 11.8170, 5.8205, 0.74, 0.77, 0.77,      0.0f, 0.0f,


//107
7.3893, 11.3129, 8.9726, 0.74, 0.77, 0.77,      0.0f, 0.0f,
8.4505, 11.6493, 8.3495, 0.74, 0.77, 0.77,      0.0f, 0.0f,
7.4512, 11.7871, 7.9735, 0.74, 0.77, 0.77,      0.0f, 0.0f,


//108
6.6644, 11.4069, 7.4680, 0.74, 0.77, 0.77,      0.0f, 0.0f,
7.3893, 11.3129, 8.9726, 0.74, 0.77, 0.77,      0.0f, 0.0f,
7.4512, 11.7871, 7.9735, 0.74, 0.77, 0.77,      0.0f, 0.0f,


//109
4.3353, 11.4620, 5.4895, 0.74, 0.77, 0.77,      0.0f, 0.0f,
5.0406, 11.4550, 6.9153, 0.74, 0.77, 0.77,      0.0f, 0.0f,
5.7915, 11.8170, 5.8205, 0.74, 0.77, 0.77,      0.0f, 0.0f,


//110
0.6479, 11.9171, 2.6144, 0.74, 0.77, 0.77,      0.0f, 0.0f,
2.1056, 11.3774, 4.0910, 0.74, 0.77, 0.77,      0.0f, 0.0f,
2.0000, 11.7092, 2.5604, 0.74, 0.77, 0.77,      0.0f, 0.0f,


//111
6.8071, 11.1339, 10.1435, 0.74, 0.77, 0.77,      0.0f, 0.0f,
7.3893, 11.3129, 8.9726, 0.74, 0.77, 0.77,      0.0f, 0.0f,
6.5599, 11.1582, 8.4504, 0.74, 0.77, 0.77,      0.0f, 0.0f,


//112
5.0406, 11.4550, 6.9153, 0.74, 0.77, 0.77,      0.0f, 0.0f,
6.5599, 11.1582, 8.4504, 0.74, 0.77, 0.77,      0.0f, 0.0f,
6.6644, 11.4069, 7.4680, 0.74, 0.77, 0.77,      0.0f, 0.0f,


//113
0.6192, 11.1665, 4.1110, 0.74, 0.77, 0.77,      0.0f, 0.0f,
0.4547, 10.9467, 4.6893, 0.74, 0.77, 0.77,      0.0f, 0.0f,
2.1056, 11.3774, 4.0910, 0.74, 0.77, 0.77,      0.0f, 0.0f,


//114
0.7196, 11.5800, 3.3775, 0.74, 0.77, 0.77,      0.0f, 0.0f,
2.1056, 11.3774, 4.0910, 0.74, 0.77, 0.77,      0.0f, 0.0f,
0.6479, 11.9171, 2.6144, 0.74, 0.77, 0.77,      0.0f, 0.0f,


//115
0.7196, 11.5800, 3.3775, 0.74, 0.77, 0.77,      0.0f, 0.0f,
0.6192, 11.1665, 4.1110, 0.74, 0.77, 0.77,      0.0f, 0.0f,
2.1056, 11.3774, 4.0910, 0.74, 0.77, 0.77,      0.0f, 0.0f,


//116
4.6502, 11.3958, 7.7547, 0.74, 0.77, 0.77,      0.0f, 0.0f,
6.0559, 11.0723, 9.2862, 0.74, 0.77, 0.77,      0.0f, 0.0f,
6.5599, 11.1582, 8.4504, 0.74, 0.77, 0.77,      0.0f, 0.0f,


//117
2.5733, 11.4401, 6.3795, 0.74, 0.77, 0.77,      0.0f, 0.0f,
5.0406, 11.4550, 6.9153, 0.74, 0.77, 0.77,      0.0f, 0.0f,
4.3353, 11.4620, 5.4895, 0.74, 0.77, 0.77,      0.0f, 0.0f,


//118
2.5733, 11.4401, 6.3795, 0.74, 0.77, 0.77,      0.0f, 0.0f,
3.2840, 11.4456, 4.7669, 0.74, 0.77, 0.77,      0.0f, 0.0f,
0.5596, 10.9226, 4.9938, 0.74, 0.77, 0.77,      0.0f, 0.0f,


//119
0.9997, 11.0491, 5.4680, 0.74, 0.77, 0.77,      0.0f, 0.0f,
2.5733, 11.4401, 6.3795, 0.74, 0.77, 0.77,      0.0f, 0.0f,
0.5596, 10.9226, 4.9938, 0.74, 0.77, 0.77,      0.0f, 0.0f,


//120
11.9547, 9.9095, 9.9554, 0.74, 0.77, 0.77,      0.0f, 0.0f,
11.1277, 11.5190, 8.2508, 0.74, 0.77, 0.77,      0.0f, 0.0f,
12.0118, 11.4748, 10.2572, 0.74, 0.77, 0.77,      0.0f, 0.0f,


//121
0.6192, 11.1665, 4.1110, 0.74, 0.77, 0.77,      0.0f, 0.0f,
0.2937, 10.3994, 4.5536, 0.74, 0.77, 0.77,      0.0f, 0.0f,
0.4547, 10.9467, 4.6893, 0.74, 0.77, 0.77,      0.0f, 0.0f,


//122
0.9407, 10.6318, 3.1143, 0.74, 0.77, 0.77,      0.0f, 0.0f,
0.6056, 10.5596, 3.5852, 0.74, 0.77, 0.77,      0.0f, 0.0f,
0.7196, 11.5800, 3.3775, 0.74, 0.77, 0.77,      0.0f, 0.0f,


//123
4.1128, 9.7367, -0.3969, 0.74, 0.77, 0.77,      0.0f, 0.0f,
4.0404, 11.3324, -0.3149, 0.74, 0.77, 0.77,      0.0f, 0.0f,
4.3113, 11.3962, -0.3129, 0.74, 0.77, 0.77,      0.0f, 0.0f,


//124
0.5237, 9.7916, 2.3414, 0.74, 0.77, 0.77,      0.0f, 0.0f,
0.6479, 11.9171, 2.6144, 0.74, 0.77, 0.77,      0.0f, 0.0f,
1.0397, 10.9053, 1.9496, 0.74, 0.77, 0.77,      0.0f, 0.0f,


//125
6.2364, 10.7029, 1.9965, 0.74, 0.77, 0.77,      0.0f, 0.0f,
6.0914, 11.5926, 1.7196, 0.74, 0.77, 0.77,      0.0f, 0.0f,
7.5800, 11.4818, 2.7436, 0.74, 0.77, 0.77,      0.0f, 0.0f,


//126
4.6502, 11.3958, 7.7547, 0.74, 0.77, 0.77,      0.0f, 0.0f,
5.7063, 9.6965, 8.8235, 0.74, 0.77, 0.77,      0.0f, 0.0f,
6.0559, 11.0723, 9.2862, 0.74, 0.77, 0.77,      0.0f, 0.0f,


//127
3.7619, 9.9108, 7.0982, 0.74, 0.77, 0.77,      0.0f, 0.0f,
4.8719, 9.8653, 7.9297, 0.74, 0.77, 0.77,      0.0f, 0.0f,
4.6502, 11.3958, 7.7547, 0.74, 0.77, 0.77,      0.0f, 0.0f,


//128
4.4725, 9.8934, -0.3219, 0.74, 0.77, 0.77,      0.0f, 0.0f,
4.3113, 11.3962, -0.3129, 0.74, 0.77, 0.77,      0.0f, 0.0f,
4.8731, 9.8803, -0.1908, 0.74, 0.77, 0.77,      0.0f, 0.0f,


//129
3.3844, 9.5291, -0.7799, 0.74, 0.77, 0.77,      0.0f, 0.0f,
2.2451, 10.0908, -0.7000, 0.74, 0.77, 0.77,      0.0f, 0.0f,
3.1684, 11.0146, -0.5268, 0.74, 0.77, 0.77,      0.0f, 0.0f,


//130
2.2451, 10.0908, -0.7000, 0.74, 0.77, 0.77,      0.0f, 0.0f,
2.6001, 11.1332, -0.2761, 0.74, 0.77, 0.77,      0.0f, 0.0f,
3.1684, 11.0146, -0.5268, 0.74, 0.77, 0.77,      0.0f, 0.0f,


//131
3.7619, 9.9108, 7.0982, 0.74, 0.77, 0.77,      0.0f, 0.0f,
2.5733, 11.4401, 6.3795, 0.74, 0.77, 0.77,      0.0f, 0.0f,
0.9997, 11.0491, 5.4680, 0.74, 0.77, 0.77,      0.0f, 0.0f,


//132
0.5237, 9.7916, 2.3414, 0.74, 0.77, 0.77,      0.0f, 0.0f,
1.0397, 10.9053, 1.9496, 0.74, 0.77, 0.77,      0.0f, 0.0f,
1.4483, 11.0082, 0.8284, 0.74, 0.77, 0.77,      0.0f, 0.0f,


//133
3.6127, 9.8919, -0.5261, 0.74, 0.77, 0.77,      0.0f, 0.0f,
3.5056, 11.3544, -0.3988, 0.74, 0.77, 0.77,      0.0f, 0.0f,
4.1128, 9.7367, -0.3969, 0.74, 0.77, 0.77,      0.0f, 0.0f,


//134
11.0612, 9.9268, 8.1392, 0.74, 0.77, 0.77,      0.0f, 0.0f,
11.1277, 11.5190, 8.2508, 0.74, 0.77, 0.77,      0.0f, 0.0f,
11.9547, 9.9095, 9.9554, 0.74, 0.77, 0.77,      0.0f, 0.0f,


//135
11.1277, 11.5190, 8.2508, 0.74, 0.77, 0.77,      0.0f, 0.0f,
11.0612, 9.9268, 8.1392, 0.74, 0.77, 0.77,      0.0f, 0.0f,
11.0342, 10.6873, 7.5369, 0.74, 0.77, 0.77,      0.0f, 0.0f,


//136
0.4653, 8.9505, 2.8499, 0.74, 0.77, 0.77,      0.0f, 0.0f,
0.3736, 9.6615, 3.5715, 0.74, 0.77, 0.77,      0.0f, 0.0f,
0.6056, 10.5596, 3.5852, 0.74, 0.77, 0.77,      0.0f, 0.0f,


//137
3.3844, 9.5291, -0.7799, 0.74, 0.77, 0.77,      0.0f, 0.0f,
3.1684, 11.0146, -0.5268, 0.74, 0.77, 0.77,      0.0f, 0.0f,
3.6127, 9.8919, -0.5261, 0.74, 0.77, 0.77,      0.0f, 0.0f,


//138
0.6056, 10.5596, 3.5852, 0.74, 0.77, 0.77,      0.0f, 0.0f,
-0.1532, 9.6366, 3.9260, 0.74, 0.77, 0.77,      0.0f, 0.0f,
-0.1331, 10.2120, 3.9457, 0.74, 0.77, 0.77,      0.0f, 0.0f,


//139
0.6056, 10.5596, 3.5852, 0.74, 0.77, 0.77,      0.0f, 0.0f,
-0.1331, 10.2120, 3.9457, 0.74, 0.77, 0.77,      0.0f, 0.0f,
0.6192, 11.1665, 4.1110, 0.74, 0.77, 0.77,      0.0f, 0.0f,


//140
0.7536, 9.4939, 1.4200, 0.74, 0.77, 0.77,      0.0f, 0.0f,
1.4483, 11.0082, 0.8284, 0.74, 0.77, 0.77,      0.0f, 0.0f,
1.2324, 9.7039, 0.0149, 0.74, 0.77, 0.77,      0.0f, 0.0f,


//141
8.1884, 9.9410, 10.9453, 0.74, 0.77, 0.77,      0.0f, 0.0f,
8.9764, 9.8997, 11.8799, 0.74, 0.77, 0.77,      0.0f, 0.0f,
8.9838, 11.4843, 11.8689, 0.74, 0.77, 0.77,      0.0f, 0.0f,


//142
-0.1331, 10.2120, 3.9457, 0.74, 0.77, 0.77,      0.0f, 0.0f,
0.2092, 9.4807, 4.3812, 0.74, 0.77, 0.77,      0.0f, 0.0f,
0.2937, 10.3994, 4.5536, 0.74, 0.77, 0.77,      0.0f, 0.0f,


//143
11.9547, 9.9095, 9.9554, 0.74, 0.77, 0.77,      0.0f, 0.0f,
12.0118, 11.4748, 10.2572, 0.74, 0.77, 0.77,      0.0f, 0.0f,
11.9742, 9.9060, 10.4622, 0.74, 0.77, 0.77,      0.0f, 0.0f,


//144
1.2324, 9.7039, 0.0149, 0.74, 0.77, 0.77,      0.0f, 0.0f,
1.4483, 11.0082, 0.8284, 0.74, 0.77, 0.77,      0.0f, 0.0f,
2.0382, 11.0533, -0.3206, 0.74, 0.77, 0.77,      0.0f, 0.0f,


//145
10.3243, 9.9062, 6.6276, 0.74, 0.77, 0.77,      0.0f, 0.0f,
10.0815, 11.4517, 6.3592, 0.74, 0.77, 0.77,      0.0f, 0.0f,
10.5204, 11.5358, 6.7802, 0.74, 0.77, 0.77,      0.0f, 0.0f,


//146
11.0342, 10.6873, 7.5369, 0.74, 0.77, 0.77,      0.0f, 0.0f,
11.2949, 9.9060, 7.0776, 0.74, 0.77, 0.77,      0.0f, 0.0f,
11.2645, 10.5718, 7.0874, 0.74, 0.77, 0.77,      0.0f, 0.0f,


//147
11.7126, 9.9010, 10.8233, 0.74, 0.77, 0.77,      0.0f, 0.0f,
11.9742, 9.9060, 10.4622, 0.74, 0.77, 0.77,      0.0f, 0.0f,
12.0118, 11.4748, 10.2572, 0.74, 0.77, 0.77,      0.0f, 0.0f,


//148
9.7834, 9.9422, 11.3537, 0.74, 0.77, 0.77,      0.0f, 0.0f,
11.3853, 11.5236, 10.9500, 0.74, 0.77, 0.77,      0.0f, 0.0f,
9.5618, 11.5481, 11.3765, 0.74, 0.77, 0.77,      0.0f, 0.0f,


//149
8.8665, 10.1497, 5.1322, 0.74, 0.77, 0.77,      0.0f, 0.0f,
8.7777, 11.2716, 5.3092, 0.74, 0.77, 0.77,      0.0f, 0.0f,
9.6364, 9.9807, 5.6907, 0.74, 0.77, 0.77,      0.0f, 0.0f,


//150
11.0612, 9.9268, 8.1392, 0.74, 0.77, 0.77,      0.0f, 0.0f,
11.2949, 9.9060, 7.0776, 0.74, 0.77, 0.77,      0.0f, 0.0f,
11.0342, 10.6873, 7.5369, 0.74, 0.77, 0.77,      0.0f, 0.0f,


//151
11.0342, 10.6873, 7.5369, 0.74, 0.77, 0.77,      0.0f, 0.0f,
10.5911, 11.5500, 7.2836, 0.74, 0.77, 0.77,      0.0f, 0.0f,
11.1277, 11.5190, 8.2508, 0.74, 0.77, 0.77,      0.0f, 0.0f,


//152
9.6364, 9.9807, 5.6907, 0.74, 0.77, 0.77,      0.0f, 0.0f,
9.7363, 11.5237, 5.8459, 0.74, 0.77, 0.77,      0.0f, 0.0f,
10.0815, 11.4517, 6.3592, 0.74, 0.77, 0.77,      0.0f, 0.0f,


//153
8.3404, 11.1002, 4.7214, 0.74, 0.77, 0.77,      0.0f, 0.0f,
7.6107, 10.3065, 3.3669, 0.74, 0.77, 0.77,      0.0f, 0.0f,
8.3163, 11.6632, 4.5378, 0.74, 0.77, 0.77,      0.0f, 0.0f,


//154
2.2451, 10.0908, -0.7000, 0.74, 0.77, 0.77,      0.0f, 0.0f,
2.0382, 11.0533, -0.3206, 0.74, 0.77, 0.77,      0.0f, 0.0f,
2.6001, 11.1332, -0.2761, 0.74, 0.77, 0.77,      0.0f, 0.0f,


//155
5.9803, 8.3093, 6.5878, 0.74, 0.77, 0.77,      0.0f, 0.0f,
7.9752, 8.3067, 7.4486, 0.74, 0.77, 0.77,      0.0f, 0.0f,
6.4697, 8.0314, 9.7447, 0.74, 0.77, 0.77,      0.0f, 0.0f,


//156
9.0887, 8.4407, 9.2858, 0.74, 0.77, 0.77,      0.0f, 0.0f,
8.1884, 8.3385, 10.9451, 0.74, 0.77, 0.77,      0.0f, 0.0f,
6.4697, 8.0314, 9.7447, 0.74, 0.77, 0.77,      0.0f, 0.0f,


//157
1.0968, 8.0481, 3.8717, 0.74, 0.77, 0.77,      0.0f, 0.0f,
2.6367, 8.4202, 3.1389, 0.74, 0.77, 0.77,      0.0f, 0.0f,
2.6060, 8.2262, 4.4555, 0.74, 0.77, 0.77,      0.0f, 0.0f,


//158
1.1002, 7.6684, 3.0368, 0.74, 0.77, 0.77,      0.0f, 0.0f,
2.7791, 8.4585, 2.1447, 0.74, 0.77, 0.77,      0.0f, 0.0f,
2.6367, 8.4202, 3.1389, 0.74, 0.77, 0.77,      0.0f, 0.0f,


//159
5.5855, 8.3076, 4.3356, 0.74, 0.77, 0.77,      0.0f, 0.0f,
7.9464, 8.3651, 3.9009, 0.74, 0.77, 0.77,      0.0f, 0.0f,
7.8194, 8.3054, 5.9971, 0.74, 0.77, 0.77,      0.0f, 0.0f,


//160
9.7508, 8.4588, 9.4182, 0.74, 0.77, 0.77,      0.0f, 0.0f,
11.0612, 8.3243, 8.1390, 0.74, 0.77, 0.77,      0.0f, 0.0f,
11.9547, 8.3071, 9.9552, 0.74, 0.77, 0.77,      0.0f, 0.0f,


//161
10.3243, 8.3037, 6.6273, 0.74, 0.77, 0.77,      0.0f, 0.0f,
11.2949, 8.3036, 7.0774, 0.74, 0.77, 0.77,      0.0f, 0.0f,
7.9752, 8.3067, 7.4486, 0.74, 0.77, 0.77,      0.0f, 0.0f,


//162
9.2433, 8.3125, 6.3282, 0.74, 0.77, 0.77,      0.0f, 0.0f,
10.3243, 8.3037, 6.6273, 0.74, 0.77, 0.77,      0.0f, 0.0f,
7.9752, 8.3067, 7.4486, 0.74, 0.77, 0.77,      0.0f, 0.0f,


//163
6.3901, 8.5001, 2.1955, 0.74, 0.77, 0.77,      0.0f, 0.0f,
6.9560, 8.4476, 2.6955, 0.74, 0.77, 0.77,      0.0f, 0.0f,
7.9464, 8.3651, 3.9009, 0.74, 0.77, 0.77,      0.0f, 0.0f,


//164
4.1683, 8.2951, -0.2375, 0.74, 0.77, 0.77,      0.0f, 0.0f,
4.2102, 8.3087, 2.1131, 0.74, 0.77, 0.77,      0.0f, 0.0f,
3.4462, 8.2898, -0.1493, 0.74, 0.77, 0.77,      0.0f, 0.0f,


//165
7.8194, 8.3054, 5.9971, 0.74, 0.77, 0.77,      0.0f, 0.0f,
9.2433, 8.3125, 6.3282, 0.74, 0.77, 0.77,      0.0f, 0.0f,
7.9752, 8.3067, 7.4486, 0.74, 0.77, 0.77,      0.0f, 0.0f,


//166
7.9464, 8.3651, 3.9009, 0.74, 0.77, 0.77,      0.0f, 0.0f,
8.8665, 8.5472, 5.1320, 0.74, 0.77, 0.77,      0.0f, 0.0f,
7.8194, 8.3054, 5.9971, 0.74, 0.77, 0.77,      0.0f, 0.0f,


//167
3.4462, 8.2898, -0.1493, 0.74, 0.77, 0.77,      0.0f, 0.0f,
4.2102, 8.3087, 2.1131, 0.74, 0.77, 0.77,      0.0f, 0.0f,
2.2729, 8.1202, -0.1602, 0.74, 0.77, 0.77,      0.0f, 0.0f,


//168
7.9752, 8.3067, 7.4486, 0.74, 0.77, 0.77,      0.0f, 0.0f,
11.0612, 8.3243, 8.1390, 0.74, 0.77, 0.77,      0.0f, 0.0f,
9.7508, 8.4588, 9.4182, 0.74, 0.77, 0.77,      0.0f, 0.0f,


//169
4.2102, 8.3087, 2.1131, 0.74, 0.77, 0.77,      0.0f, 0.0f,
6.3901, 8.5001, 2.1955, 0.74, 0.77, 0.77,      0.0f, 0.0f,
5.5855, 8.3076, 4.3356, 0.74, 0.77, 0.77,      0.0f, 0.0f,


//170
0.7536, 7.8914, 1.4198, 0.74, 0.77, 0.77,      0.0f, 0.0f,
3.3643, 8.3566, 1.5554, 0.74, 0.77, 0.77,      0.0f, 0.0f,
2.7791, 8.4585, 2.1447, 0.74, 0.77, 0.77,      0.0f, 0.0f,


//171
3.3643, 8.3566, 1.5554, 0.74, 0.77, 0.77,      0.0f, 0.0f,
4.2102, 8.3087, 2.1131, 0.74, 0.77, 0.77,      0.0f, 0.0f,
2.7791, 8.4585, 2.1447, 0.74, 0.77, 0.77,      0.0f, 0.0f,


//172
4.2102, 8.3087, 2.1131, 0.74, 0.77, 0.77,      0.0f, 0.0f,
5.5855, 8.3076, 4.3356, 0.74, 0.77, 0.77,      0.0f, 0.0f,
3.3204, 8.3008, 3.8898, 0.74, 0.77, 0.77,      0.0f, 0.0f,


//173
1.1002, 7.6684, 3.0368, 0.74, 0.77, 0.77,      0.0f, 0.0f,
2.6367, 8.4202, 3.1389, 0.74, 0.77, 0.77,      0.0f, 0.0f,
1.0968, 8.0481, 3.8717, 0.74, 0.77, 0.77,      0.0f, 0.0f,


//174
3.3204, 8.3008, 3.8898, 0.74, 0.77, 0.77,      0.0f, 0.0f,
3.7619, 8.3083, 7.0980, 0.74, 0.77, 0.77,      0.0f, 0.0f,
2.4197, 8.2777, 6.2925, 0.74, 0.77, 0.77,      0.0f, 0.0f,


//175
2.6060, 8.2262, 4.4555, 0.74, 0.77, 0.77,      0.0f, 0.0f,
0.7135, 7.8821, 5.2029, 0.74, 0.77, 0.77,      0.0f, 0.0f,
0.9619, 7.8786, 4.6652, 0.74, 0.77, 0.77,      0.0f, 0.0f,


//176
2.6060, 8.2262, 4.4555, 0.74, 0.77, 0.77,      0.0f, 0.0f,
2.4197, 8.2777, 6.2925, 0.74, 0.77, 0.77,      0.0f, 0.0f,
0.7135, 7.8821, 5.2029, 0.74, 0.77, 0.77,      0.0f, 0.0f,


//177
5.9803, 8.3093, 6.5878, 0.74, 0.77, 0.77,      0.0f, 0.0f,
4.8719, 8.2629, 7.9294, 0.74, 0.77, 0.77,      0.0f, 0.0f,
3.7619, 8.3083, 7.0980, 0.74, 0.77, 0.77,      0.0f, 0.0f,


//178
0.2092, 7.8783, 4.3810, 0.74, 0.77, 0.77,      0.0f, 0.0f,
0.9619, 7.8786, 4.6652, 0.74, 0.77, 0.77,      0.0f, 0.0f,
0.7135, 7.8821, 5.2029, 0.74, 0.77, 0.77,      0.0f, 0.0f,


//179
0.7536, 7.8914, 1.4198, 0.74, 0.77, 0.77,      0.0f, 0.0f,
1.2846, 8.2234, 0.1625, 0.74, 0.77, 0.77,      0.0f, 0.0f,
2.2729, 8.1202, -0.1602, 0.74, 0.77, 0.77,      0.0f, 0.0f,


//180
6.9560, 8.4476, 2.6955, 0.74, 0.77, 0.77,      0.0f, 0.0f,
7.6107, 8.7040, 3.3667, 0.74, 0.77, 0.77,      0.0f, 0.0f,
7.9464, 8.3651, 3.9009, 0.74, 0.77, 0.77,      0.0f, 0.0f,


//181
3.7619, 8.3083, 7.0980, 0.74, 0.77, 0.77,      0.0f, 0.0f,
5.5855, 8.3076, 4.3356, 0.74, 0.77, 0.77,      0.0f, 0.0f,
5.9803, 8.3093, 6.5878, 0.74, 0.77, 0.77,      0.0f, 0.0f,


//182
5.9803, 8.3093, 6.5878, 0.74, 0.77, 0.77,      0.0f, 0.0f,
5.5855, 8.3076, 4.3356, 0.74, 0.77, 0.77,      0.0f, 0.0f,
7.8194, 8.3054, 5.9971, 0.74, 0.77, 0.77,      0.0f, 0.0f,


//183
4.2102, 8.3087, 2.1131, 0.74, 0.77, 0.77,      0.0f, 0.0f,
4.8866, 8.3062, -0.1642, 0.74, 0.77, 0.77,      0.0f, 0.0f,
5.6118, 8.3620, 1.0653, 0.74, 0.77, 0.77,      0.0f, 0.0f,


//184
4.2102, 8.3087, 2.1131, 0.74, 0.77, 0.77,      0.0f, 0.0f,
5.6118, 8.3620, 1.0653, 0.74, 0.77, 0.77,      0.0f, 0.0f,
6.3901, 8.5001, 2.1955, 0.74, 0.77, 0.77,      0.0f, 0.0f,


//185
9.2433, 8.3125, 6.3282, 0.74, 0.77, 0.77,      0.0f, 0.0f,
9.6364, 8.3783, 5.6904, 0.74, 0.77, 0.77,      0.0f, 0.0f,
10.3243, 8.3037, 6.6273, 0.74, 0.77, 0.77,      0.0f, 0.0f,


//186
7.9752, 8.3067, 7.4486, 0.74, 0.77, 0.77,      0.0f, 0.0f,
11.2949, 8.3036, 7.0774, 0.74, 0.77, 0.77,      0.0f, 0.0f,
11.0612, 8.3243, 8.1390, 0.74, 0.77, 0.77,      0.0f, 0.0f,


//187
8.8665, 8.5472, 5.1320, 0.74, 0.77, 0.77,      0.0f, 0.0f,
9.6364, 8.3783, 5.6904, 0.74, 0.77, 0.77,      0.0f, 0.0f,
9.2433, 8.3125, 6.3282, 0.74, 0.77, 0.77,      0.0f, 0.0f,


//188
3.4462, 8.2898, -0.1493, 0.74, 0.77, 0.77,      0.0f, 0.0f,
3.7429, 8.2776, -0.5648, 0.74, 0.77, 0.77,      0.0f, 0.0f,
4.1683, 8.2951, -0.2375, 0.74, 0.77, 0.77,      0.0f, 0.0f,


//189
7.8194, 8.3054, 5.9971, 0.74, 0.77, 0.77,      0.0f, 0.0f,
8.8665, 8.5472, 5.1320, 0.74, 0.77, 0.77,      0.0f, 0.0f,
9.2433, 8.3125, 6.3282, 0.74, 0.77, 0.77,      0.0f, 0.0f,


//190
5.5855, 8.3076, 4.3356, 0.74, 0.77, 0.77,      0.0f, 0.0f,
6.3901, 8.5001, 2.1955, 0.74, 0.77, 0.77,      0.0f, 0.0f,
7.9464, 8.3651, 3.9009, 0.74, 0.77, 0.77,      0.0f, 0.0f,


//191
3.3643, 8.3566, 1.5554, 0.74, 0.77, 0.77,      0.0f, 0.0f,
2.2729, 8.1202, -0.1602, 0.74, 0.77, 0.77,      0.0f, 0.0f,
4.2102, 8.3087, 2.1131, 0.74, 0.77, 0.77,      0.0f, 0.0f,


//192
0.7536, 7.8914, 1.4198, 0.74, 0.77, 0.77,      0.0f, 0.0f,
2.2729, 8.1202, -0.1602, 0.74, 0.77, 0.77,      0.0f, 0.0f,
3.3643, 8.3566, 1.5554, 0.74, 0.77, 0.77,      0.0f, 0.0f,


//193
9.0887, 8.4407, 9.2858, 0.74, 0.77, 0.77,      0.0f, 0.0f,
7.9752, 8.3067, 7.4486, 0.74, 0.77, 0.77,      0.0f, 0.0f,
9.7508, 8.4588, 9.4182, 0.74, 0.77, 0.77,      0.0f, 0.0f,


//194
5.9803, 8.3093, 6.5878, 0.74, 0.77, 0.77,      0.0f, 0.0f,
7.8194, 8.3054, 5.9971, 0.74, 0.77, 0.77,      0.0f, 0.0f,
7.9752, 8.3067, 7.4486, 0.74, 0.77, 0.77,      0.0f, 0.0f,


//195
9.7508, 8.4588, 9.4182, 0.74, 0.77, 0.77,      0.0f, 0.0f,
11.7126, 8.2986, 10.8231, 0.74, 0.77, 0.77,      0.0f, 0.0f,
9.7834, 8.3397, 11.3535, 0.74, 0.77, 0.77,      0.0f, 0.0f,


//196
3.3204, 8.3008, 3.8898, 0.74, 0.77, 0.77,      0.0f, 0.0f,
5.5855, 8.3076, 4.3356, 0.74, 0.77, 0.77,      0.0f, 0.0f,
3.7619, 8.3083, 7.0980, 0.74, 0.77, 0.77,      0.0f, 0.0f,


//197
2.6367, 8.4202, 3.1389, 0.74, 0.77, 0.77,      0.0f, 0.0f,
3.3204, 8.3008, 3.8898, 0.74, 0.77, 0.77,      0.0f, 0.0f,
2.6060, 8.2262, 4.4555, 0.74, 0.77, 0.77,      0.0f, 0.0f,


//198
7.9752, 8.3067, 7.4486, 0.74, 0.77, 0.77,      0.0f, 0.0f,
9.0887, 8.4407, 9.2858, 0.74, 0.77, 0.77,      0.0f, 0.0f,
6.4697, 8.0314, 9.7447, 0.74, 0.77, 0.77,      0.0f, 0.0f,


//199
5.7063, 8.0941, 8.8233, 0.74, 0.77, 0.77,      0.0f, 0.0f,
5.9803, 8.3093, 6.5878, 0.74, 0.77, 0.77,      0.0f, 0.0f,
6.4697, 8.0314, 9.7447, 0.74, 0.77, 0.77,      0.0f, 0.0f,


//200
2.6060, 8.2262, 4.4555, 0.74, 0.77, 0.77,      0.0f, 0.0f,
3.3204, 8.3008, 3.8898, 0.74, 0.77, 0.77,      0.0f, 0.0f,
2.4197, 8.2777, 6.2925, 0.74, 0.77, 0.77,      0.0f, 0.0f,


//201
0.9619, 7.8786, 4.6652, 0.74, 0.77, 0.77,      0.0f, 0.0f,
1.0968, 8.0481, 3.8717, 0.74, 0.77, 0.77,      0.0f, 0.0f,
2.6060, 8.2262, 4.4555, 0.74, 0.77, 0.77,      0.0f, 0.0f,


//202
9.0887, 8.4407, 9.2858, 0.74, 0.77, 0.77,      0.0f, 0.0f,
9.7508, 8.4588, 9.4182, 0.74, 0.77, 0.77,      0.0f, 0.0f,
8.1884, 8.3385, 10.9451, 0.74, 0.77, 0.77,      0.0f, 0.0f,


//203
6.4697, 8.0314, 9.7447, 0.74, 0.77, 0.77,      0.0f, 0.0f,
8.1884, 8.3385, 10.9451, 0.74, 0.77, 0.77,      0.0f, 0.0f,
7.2852, 8.1956, 10.4189, 0.74, 0.77, 0.77,      0.0f, 0.0f,


//204
4.8719, 8.2629, 7.9294, 0.74, 0.77, 0.77,      0.0f, 0.0f,
5.9803, 8.3093, 6.5878, 0.74, 0.77, 0.77,      0.0f, 0.0f,
5.7063, 8.0941, 8.8233, 0.74, 0.77, 0.77,      0.0f, 0.0f,


//205
0.2092, 7.8783, 4.3810, 0.74, 0.77, 0.77,      0.0f, 0.0f,
1.0968, 8.0481, 3.8717, 0.74, 0.77, 0.77,      0.0f, 0.0f,
0.9619, 7.8786, 4.6652, 0.74, 0.77, 0.77,      0.0f, 0.0f,


//206
0.7536, 7.8914, 1.4198, 0.74, 0.77, 0.77,      0.0f, 0.0f,
0.4653, 7.3481, 2.8497, 0.74, 0.77, 0.77,      0.0f, 0.0f,
0.5237, 8.1892, 2.3412, 0.74, 0.77, 0.77,      0.0f, 0.0f,


//207
4.8731, 9.8803, -0.1908, 0.74, 0.77, 0.77,      0.0f, 0.0f,
5.6118, 9.9645, 1.0655, 0.74, 0.77, 0.77,      0.0f, 0.0f,
5.6118, 8.3620, 1.0653, 0.74, 0.77, 0.77,      0.0f, 0.0f,


//208
4.8731, 9.8803, -0.1908, 0.74, 0.77, 0.77,      0.0f, 0.0f,
5.6118, 8.3620, 1.0653, 0.74, 0.77, 0.77,      0.0f, 0.0f,
4.8866, 8.3062, -0.1642, 0.74, 0.77, 0.77,      0.0f, 0.0f,


//209
3.3844, 9.5291, -0.7799, 0.74, 0.77, 0.77,      0.0f, 0.0f,
3.6127, 9.8919, -0.5261, 0.74, 0.77, 0.77,      0.0f, 0.0f,
3.7429, 8.2776, -0.5648, 0.74, 0.77, 0.77,      0.0f, 0.0f,


//210
3.3844, 9.5291, -0.7799, 0.74, 0.77, 0.77,      0.0f, 0.0f,
3.7429, 8.2776, -0.5648, 0.74, 0.77, 0.77,      0.0f, 0.0f,
3.4462, 8.2898, -0.1493, 0.74, 0.77, 0.77,      0.0f, 0.0f,


//211
0.4653, 8.9505, 2.8499, 0.74, 0.77, 0.77,      0.0f, 0.0f,
0.5237, 9.7916, 2.3414, 0.74, 0.77, 0.77,      0.0f, 0.0f,
0.5237, 8.1892, 2.3412, 0.74, 0.77, 0.77,      0.0f, 0.0f,


//212
0.4653, 8.9505, 2.8499, 0.74, 0.77, 0.77,      0.0f, 0.0f,
0.5237, 8.1892, 2.3412, 0.74, 0.77, 0.77,      0.0f, 0.0f,
0.4653, 7.3481, 2.8497, 0.74, 0.77, 0.77,      0.0f, 0.0f,


//213
3.7619, 9.9108, 7.0982, 0.74, 0.77, 0.77,      0.0f, 0.0f,
2.4197, 9.8802, 6.2927, 0.74, 0.77, 0.77,      0.0f, 0.0f,
2.4197, 8.2777, 6.2925, 0.74, 0.77, 0.77,      0.0f, 0.0f,


//214
3.7619, 9.9108, 7.0982, 0.74, 0.77, 0.77,      0.0f, 0.0f,
2.4197, 8.2777, 6.2925, 0.74, 0.77, 0.77,      0.0f, 0.0f,
3.7619, 8.3083, 7.0980, 0.74, 0.77, 0.77,      0.0f, 0.0f,


//215
0.2092, 9.4807, 4.3812, 0.74, 0.77, 0.77,      0.0f, 0.0f,
-0.1532, 9.6366, 3.9260, 0.74, 0.77, 0.77,      0.0f, 0.0f,
-0.1532, 8.0342, 3.9258, 0.74, 0.77, 0.77,      0.0f, 0.0f,


//216
0.2092, 9.4807, 4.3812, 0.74, 0.77, 0.77,      0.0f, 0.0f,
-0.1532, 8.0342, 3.9258, 0.74, 0.77, 0.77,      0.0f, 0.0f,
0.2092, 7.8783, 4.3810, 0.74, 0.77, 0.77,      0.0f, 0.0f,


//217
0.7135, 9.4846, 5.2032, 0.74, 0.77, 0.77,      0.0f, 0.0f,
0.2092, 9.4807, 4.3812, 0.74, 0.77, 0.77,      0.0f, 0.0f,
0.2092, 7.8783, 4.3810, 0.74, 0.77, 0.77,      0.0f, 0.0f,


//218
0.7135, 9.4846, 5.2032, 0.74, 0.77, 0.77,      0.0f, 0.0f,
0.2092, 7.8783, 4.3810, 0.74, 0.77, 0.77,      0.0f, 0.0f,
0.7135, 7.8821, 5.2029, 0.74, 0.77, 0.77,      0.0f, 0.0f,


//219
8.8665, 10.1497, 5.1322, 0.74, 0.77, 0.77,      0.0f, 0.0f,
9.6364, 9.9807, 5.6907, 0.74, 0.77, 0.77,      0.0f, 0.0f,
9.6364, 8.3783, 5.6904, 0.74, 0.77, 0.77,      0.0f, 0.0f,


//220
8.8665, 10.1497, 5.1322, 0.74, 0.77, 0.77,      0.0f, 0.0f,
9.6364, 8.3783, 5.6904, 0.74, 0.77, 0.77,      0.0f, 0.0f,
8.8665, 8.5472, 5.1320, 0.74, 0.77, 0.77,      0.0f, 0.0f,


//221
5.6118, 9.9645, 1.0655, 0.74, 0.77, 0.77,      0.0f, 0.0f,
6.3901, 10.1026, 2.1957, 0.74, 0.77, 0.77,      0.0f, 0.0f,
6.3901, 8.5001, 2.1955, 0.74, 0.77, 0.77,      0.0f, 0.0f,


//222
5.6118, 9.9645, 1.0655, 0.74, 0.77, 0.77,      0.0f, 0.0f,
6.3901, 8.5001, 2.1955, 0.74, 0.77, 0.77,      0.0f, 0.0f,
5.6118, 8.3620, 1.0653, 0.74, 0.77, 0.77,      0.0f, 0.0f,


//223
6.9560, 10.0501, 2.6957, 0.74, 0.77, 0.77,      0.0f, 0.0f,
7.6107, 10.3065, 3.3669, 0.74, 0.77, 0.77,      0.0f, 0.0f,
7.6107, 8.7040, 3.3667, 0.74, 0.77, 0.77,      0.0f, 0.0f,


//224
6.9560, 10.0501, 2.6957, 0.74, 0.77, 0.77,      0.0f, 0.0f,
7.6107, 8.7040, 3.3667, 0.74, 0.77, 0.77,      0.0f, 0.0f,
6.9560, 8.4476, 2.6955, 0.74, 0.77, 0.77,      0.0f, 0.0f,


//225
8.1884, 9.9410, 10.9453, 0.74, 0.77, 0.77,      0.0f, 0.0f,
7.2852, 9.7980, 10.4191, 0.74, 0.77, 0.77,      0.0f, 0.0f,
7.2852, 8.1956, 10.4189, 0.74, 0.77, 0.77,      0.0f, 0.0f,


//226
8.1884, 9.9410, 10.9453, 0.74, 0.77, 0.77,      0.0f, 0.0f,
7.2852, 8.1956, 10.4189, 0.74, 0.77, 0.77,      0.0f, 0.0f,
8.1884, 8.3385, 10.9451, 0.74, 0.77, 0.77,      0.0f, 0.0f,


//227
11.0612, 9.9268, 8.1392, 0.74, 0.77, 0.77,      0.0f, 0.0f,
11.9547, 9.9095, 9.9554, 0.74, 0.77, 0.77,      0.0f, 0.0f,
11.9547, 8.3071, 9.9552, 0.74, 0.77, 0.77,      0.0f, 0.0f,


//228
11.0612, 9.9268, 8.1392, 0.74, 0.77, 0.77,      0.0f, 0.0f,
11.9547, 8.3071, 9.9552, 0.74, 0.77, 0.77,      0.0f, 0.0f,
11.0612, 8.3243, 8.1390, 0.74, 0.77, 0.77,      0.0f, 0.0f,


//229
4.4725, 9.8934, -0.3219, 0.74, 0.77, 0.77,      0.0f, 0.0f,
4.8731, 9.8803, -0.1908, 0.74, 0.77, 0.77,      0.0f, 0.0f,
4.8866, 8.3062, -0.1642, 0.74, 0.77, 0.77,      0.0f, 0.0f,


//230
4.4725, 9.8934, -0.3219, 0.74, 0.77, 0.77,      0.0f, 0.0f,
4.8866, 8.3062, -0.1642, 0.74, 0.77, 0.77,      0.0f, 0.0f,
4.4981, 8.3076, -0.3126, 0.74, 0.77, 0.77,      0.0f, 0.0f,


//231
7.9464, 9.9675, 3.9011, 0.74, 0.77, 0.77,      0.0f, 0.0f,
8.8665, 10.1497, 5.1322, 0.74, 0.77, 0.77,      0.0f, 0.0f,
8.8665, 8.5472, 5.1320, 0.74, 0.77, 0.77,      0.0f, 0.0f,


//232
7.9464, 9.9675, 3.9011, 0.74, 0.77, 0.77,      0.0f, 0.0f,
8.8665, 8.5472, 5.1320, 0.74, 0.77, 0.77,      0.0f, 0.0f,
7.9464, 8.3651, 3.9009, 0.74, 0.77, 0.77,      0.0f, 0.0f,


//233
0.3736, 9.6615, 3.5715, 0.74, 0.77, 0.77,      0.0f, 0.0f,
0.4653, 8.9505, 2.8499, 0.74, 0.77, 0.77,      0.0f, 0.0f,
0.4653, 7.3481, 2.8497, 0.74, 0.77, 0.77,      0.0f, 0.0f,


//234
0.3736, 9.6615, 3.5715, 0.74, 0.77, 0.77,      0.0f, 0.0f,
0.4653, 7.3481, 2.8497, 0.74, 0.77, 0.77,      0.0f, 0.0f,
0.3736, 8.0591, 3.5713, 0.74, 0.77, 0.77,      0.0f, 0.0f,


//235
4.1128, 9.7367, -0.3969, 0.74, 0.77, 0.77,      0.0f, 0.0f,
4.4725, 9.8934, -0.3219, 0.74, 0.77, 0.77,      0.0f, 0.0f,
4.4981, 8.3076, -0.3126, 0.74, 0.77, 0.77,      0.0f, 0.0f,


//236
4.1128, 9.7367, -0.3969, 0.74, 0.77, 0.77,      0.0f, 0.0f,
4.4981, 8.3076, -0.3126, 0.74, 0.77, 0.77,      0.0f, 0.0f,
4.1683, 8.2951, -0.2375, 0.74, 0.77, 0.77,      0.0f, 0.0f,


//237
11.7126, 9.9010, 10.8233, 0.74, 0.77, 0.77,      0.0f, 0.0f,
9.7834, 9.9422, 11.3537, 0.74, 0.77, 0.77,      0.0f, 0.0f,
9.7834, 8.3397, 11.3535, 0.74, 0.77, 0.77,      0.0f, 0.0f,


//238
11.7126, 9.9010, 10.8233, 0.74, 0.77, 0.77,      0.0f, 0.0f,
9.7834, 8.3397, 11.3535, 0.74, 0.77, 0.77,      0.0f, 0.0f,
11.7126, 8.2986, 10.8231, 0.74, 0.77, 0.77,      0.0f, 0.0f,


//239
11.2949, 9.9060, 7.0776, 0.74, 0.77, 0.77,      0.0f, 0.0f,
11.0612, 9.9268, 8.1392, 0.74, 0.77, 0.77,      0.0f, 0.0f,
11.0612, 8.3243, 8.1390, 0.74, 0.77, 0.77,      0.0f, 0.0f,


//240
11.2949, 9.9060, 7.0776, 0.74, 0.77, 0.77,      0.0f, 0.0f,
11.0612, 8.3243, 8.1390, 0.74, 0.77, 0.77,      0.0f, 0.0f,
11.2949, 8.3036, 7.0774, 0.74, 0.77, 0.77,      0.0f, 0.0f,


//241
3.6127, 9.8919, -0.5261, 0.74, 0.77, 0.77,      0.0f, 0.0f,
4.1128, 9.7367, -0.3969, 0.74, 0.77, 0.77,      0.0f, 0.0f,
4.1683, 8.2951, -0.2375, 0.74, 0.77, 0.77,      0.0f, 0.0f,


//242
3.6127, 9.8919, -0.5261, 0.74, 0.77, 0.77,      0.0f, 0.0f,
4.1683, 8.2951, -0.2375, 0.74, 0.77, 0.77,      0.0f, 0.0f,
3.7429, 8.2776, -0.5648, 0.74, 0.77, 0.77,      0.0f, 0.0f,


//243
7.6107, 10.3065, 3.3669, 0.74, 0.77, 0.77,      0.0f, 0.0f,
7.9464, 9.9675, 3.9011, 0.74, 0.77, 0.77,      0.0f, 0.0f,
7.9464, 8.3651, 3.9009, 0.74, 0.77, 0.77,      0.0f, 0.0f,


//244
7.6107, 10.3065, 3.3669, 0.74, 0.77, 0.77,      0.0f, 0.0f,
7.9464, 8.3651, 3.9009, 0.74, 0.77, 0.77,      0.0f, 0.0f,
7.6107, 8.7040, 3.3667, 0.74, 0.77, 0.77,      0.0f, 0.0f,


//245
0.5237, 9.7916, 2.3414, 0.74, 0.77, 0.77,      0.0f, 0.0f,
0.7536, 9.4939, 1.4200, 0.74, 0.77, 0.77,      0.0f, 0.0f,
0.7536, 7.8914, 1.4198, 0.74, 0.77, 0.77,      0.0f, 0.0f,


//246
0.5237, 9.7916, 2.3414, 0.74, 0.77, 0.77,      0.0f, 0.0f,
0.7536, 7.8914, 1.4198, 0.74, 0.77, 0.77,      0.0f, 0.0f,
0.5237, 8.1892, 2.3412, 0.74, 0.77, 0.77,      0.0f, 0.0f,


//247
9.7834, 9.9422, 11.3537, 0.74, 0.77, 0.77,      0.0f, 0.0f,
8.9764, 9.8997, 11.8799, 0.74, 0.77, 0.77,      0.0f, 0.0f,
8.9764, 8.2972, 11.8797, 0.74, 0.77, 0.77,      0.0f, 0.0f,


//248
9.7834, 9.9422, 11.3537, 0.74, 0.77, 0.77,      0.0f, 0.0f,
8.9764, 8.2972, 11.8797, 0.74, 0.77, 0.77,      0.0f, 0.0f,
9.7834, 8.3397, 11.3535, 0.74, 0.77, 0.77,      0.0f, 0.0f,


//249
6.4697, 9.6338, 9.7449, 0.74, 0.77, 0.77,      0.0f, 0.0f,
5.7063, 9.6965, 8.8235, 0.74, 0.77, 0.77,      0.0f, 0.0f,
5.7063, 8.0941, 8.8233, 0.74, 0.77, 0.77,      0.0f, 0.0f,


//250
6.4697, 9.6338, 9.7449, 0.74, 0.77, 0.77,      0.0f, 0.0f,
5.7063, 8.0941, 8.8233, 0.74, 0.77, 0.77,      0.0f, 0.0f,
6.4697, 8.0314, 9.7447, 0.74, 0.77, 0.77,      0.0f, 0.0f,


//251
8.9764, 9.8997, 11.8799, 0.74, 0.77, 0.77,      0.0f, 0.0f,
8.1884, 9.9410, 10.9453, 0.74, 0.77, 0.77,      0.0f, 0.0f,
8.1884, 8.3385, 10.9451, 0.74, 0.77, 0.77,      0.0f, 0.0f,


//252
8.9764, 9.8997, 11.8799, 0.74, 0.77, 0.77,      0.0f, 0.0f,
8.1884, 8.3385, 10.9451, 0.74, 0.77, 0.77,      0.0f, 0.0f,
8.9764, 8.2972, 11.8797, 0.74, 0.77, 0.77,      0.0f, 0.0f,


//253
6.3901, 10.1026, 2.1957, 0.74, 0.77, 0.77,      0.0f, 0.0f,
6.9560, 10.0501, 2.6957, 0.74, 0.77, 0.77,      0.0f, 0.0f,
6.9560, 8.4476, 2.6955, 0.74, 0.77, 0.77,      0.0f, 0.0f,


//254
6.3901, 10.1026, 2.1957, 0.74, 0.77, 0.77,      0.0f, 0.0f,
6.9560, 8.4476, 2.6955, 0.74, 0.77, 0.77,      0.0f, 0.0f,
6.3901, 8.5001, 2.1955, 0.74, 0.77, 0.77,      0.0f, 0.0f,


//255
2.4197, 9.8802, 6.2927, 0.74, 0.77, 0.77,      0.0f, 0.0f,
0.7135, 9.4846, 5.2032, 0.74, 0.77, 0.77,      0.0f, 0.0f,
0.7135, 7.8821, 5.2029, 0.74, 0.77, 0.77,      0.0f, 0.0f,


//256
2.4197, 9.8802, 6.2927, 0.74, 0.77, 0.77,      0.0f, 0.0f,
0.7135, 7.8821, 5.2029, 0.74, 0.77, 0.77,      0.0f, 0.0f,
2.4197, 8.2777, 6.2925, 0.74, 0.77, 0.77,      0.0f, 0.0f,


//257
7.2852, 9.7980, 10.4191, 0.74, 0.77, 0.77,      0.0f, 0.0f,
6.4697, 9.6338, 9.7449, 0.74, 0.77, 0.77,      0.0f, 0.0f,
6.4697, 8.0314, 9.7447, 0.74, 0.77, 0.77,      0.0f, 0.0f,


//258
7.2852, 9.7980, 10.4191, 0.74, 0.77, 0.77,      0.0f, 0.0f,
6.4697, 8.0314, 9.7447, 0.74, 0.77, 0.77,      0.0f, 0.0f,
7.2852, 8.1956, 10.4189, 0.74, 0.77, 0.77,      0.0f, 0.0f,


//259
0.7536, 9.4939, 1.4200, 0.74, 0.77, 0.77,      0.0f, 0.0f,
1.2324, 9.7039, 0.0149, 0.74, 0.77, 0.77,      0.0f, 0.0f,
1.2846, 8.2234, 0.1625, 0.74, 0.77, 0.77,      0.0f, 0.0f,


//260
0.7536, 9.4939, 1.4200, 0.74, 0.77, 0.77,      0.0f, 0.0f,
1.2846, 8.2234, 0.1625, 0.74, 0.77, 0.77,      0.0f, 0.0f,
0.7536, 7.8914, 1.4198, 0.74, 0.77, 0.77,      0.0f, 0.0f,


//261
1.2324, 9.7039, 0.0149, 0.74, 0.77, 0.77,      0.0f, 0.0f,
2.0271, 9.2994, -0.8687, 0.74, 0.77, 0.77,      0.0f, 0.0f,
2.2729, 8.1202, -0.1602, 0.74, 0.77, 0.77,      0.0f, 0.0f,


//262
1.2324, 9.7039, 0.0149, 0.74, 0.77, 0.77,      0.0f, 0.0f,
2.2729, 8.1202, -0.1602, 0.74, 0.77, 0.77,      0.0f, 0.0f,
1.2846, 8.2234, 0.1625, 0.74, 0.77, 0.77,      0.0f, 0.0f,


//263
9.6364, 9.9807, 5.6907, 0.74, 0.77, 0.77,      0.0f, 0.0f,
10.3243, 9.9062, 6.6276, 0.74, 0.77, 0.77,      0.0f, 0.0f,
10.3243, 8.3037, 6.6273, 0.74, 0.77, 0.77,      0.0f, 0.0f,


//264
9.6364, 9.9807, 5.6907, 0.74, 0.77, 0.77,      0.0f, 0.0f,
10.3243, 8.3037, 6.6273, 0.74, 0.77, 0.77,      0.0f, 0.0f,
9.6364, 8.3783, 5.6904, 0.74, 0.77, 0.77,      0.0f, 0.0f,


//265
2.0271, 9.2994, -0.8687, 0.74, 0.77, 0.77,      0.0f, 0.0f,
3.3844, 9.5291, -0.7799, 0.74, 0.77, 0.77,      0.0f, 0.0f,
3.4462, 8.2898, -0.1493, 0.74, 0.77, 0.77,      0.0f, 0.0f,


//266
2.0271, 9.2994, -0.8687, 0.74, 0.77, 0.77,      0.0f, 0.0f,
3.4462, 8.2898, -0.1493, 0.74, 0.77, 0.77,      0.0f, 0.0f,
2.2729, 8.1202, -0.1602, 0.74, 0.77, 0.77,      0.0f, 0.0f,


//267
5.7063, 9.6965, 8.8235, 0.74, 0.77, 0.77,      0.0f, 0.0f,
4.8719, 9.8653, 7.9297, 0.74, 0.77, 0.77,      0.0f, 0.0f,
4.8719, 8.2629, 7.9294, 0.74, 0.77, 0.77,      0.0f, 0.0f,


//268
5.7063, 9.6965, 8.8235, 0.74, 0.77, 0.77,      0.0f, 0.0f,
4.8719, 8.2629, 7.9294, 0.74, 0.77, 0.77,      0.0f, 0.0f,
5.7063, 8.0941, 8.8233, 0.74, 0.77, 0.77,      0.0f, 0.0f,


//269
-0.1532, 9.6366, 3.9260, 0.74, 0.77, 0.77,      0.0f, 0.0f,
0.3736, 9.6615, 3.5715, 0.74, 0.77, 0.77,      0.0f, 0.0f,
0.3736, 8.0591, 3.5713, 0.74, 0.77, 0.77,      0.0f, 0.0f,


//270
-0.1532, 9.6366, 3.9260, 0.74, 0.77, 0.77,      0.0f, 0.0f,
0.3736, 8.0591, 3.5713, 0.74, 0.77, 0.77,      0.0f, 0.0f,
-0.1532, 8.0342, 3.9258, 0.74, 0.77, 0.77,      0.0f, 0.0f,


//271
11.9742, 9.9060, 10.4622, 0.74, 0.77, 0.77,      0.0f, 0.0f,
11.7126, 9.9010, 10.8233, 0.74, 0.77, 0.77,      0.0f, 0.0f,
11.7126, 8.2986, 10.8231, 0.74, 0.77, 0.77,      0.0f, 0.0f,


//272
11.9742, 9.9060, 10.4622, 0.74, 0.77, 0.77,      0.0f, 0.0f,
11.7126, 8.2986, 10.8231, 0.74, 0.77, 0.77,      0.0f, 0.0f,
11.9742, 8.3035, 10.4620, 0.74, 0.77, 0.77,      0.0f, 0.0f,


//273
11.9547, 9.9095, 9.9554, 0.74, 0.77, 0.77,      0.0f, 0.0f,
11.9742, 9.9060, 10.4622, 0.74, 0.77, 0.77,      0.0f, 0.0f,
11.9742, 8.3035, 10.4620, 0.74, 0.77, 0.77,      0.0f, 0.0f,


//274
11.9547, 9.9095, 9.9554, 0.74, 0.77, 0.77,      0.0f, 0.0f,
11.9742, 8.3035, 10.4620, 0.74, 0.77, 0.77,      0.0f, 0.0f,
11.9547, 8.3071, 9.9552, 0.74, 0.77, 0.77,      0.0f, 0.0f,


//275
10.5204, 11.5358, 6.7802, 0.74, 0.77, 0.77,      0.0f, 0.0f,
10.0815, 11.4517, 6.3592, 0.74, 0.77, 0.77,      0.0f, 0.0f,
8.6536, 11.4563, 6.9434, 0.74, 0.77, 0.77,      0.0f, 0.0f,


//276
10.5204, 11.5358, 6.7802, 0.74, 0.77, 0.77,      0.0f, 0.0f,
8.6536, 11.4563, 6.9434, 0.74, 0.77, 0.77,      0.0f, 0.0f,
10.4267, 11.5047, 7.4412, 0.74, 0.77, 0.77,      0.0f, 0.0f,


//277
4.8719, 9.8653, 7.9297, 0.74, 0.77, 0.77,      0.0f, 0.0f,
3.7619, 9.9108, 7.0982, 0.74, 0.77, 0.77,      0.0f, 0.0f,
3.7619, 8.3083, 7.0980, 0.74, 0.77, 0.77,      0.0f, 0.0f,


//278
4.8719, 9.8653, 7.9297, 0.74, 0.77, 0.77,      0.0f, 0.0f,
3.7619, 8.3083, 7.0980, 0.74, 0.77, 0.77,      0.0f, 0.0f,
4.8719, 8.2629, 7.9294, 0.74, 0.77, 0.77,      0.0f, 0.0f,


//279
7.8782, 11.4554, 3.1545, 0.74, 0.77, 0.77,      0.0f, 0.0f,
7.5800, 11.4818, 2.7436, 0.74, 0.77, 0.77,      0.0f, 0.0f,
5.7560, 11.4901, 4.0524, 0.74, 0.77, 0.77,      0.0f, 0.0f,


//280
7.8782, 11.4554, 3.1545, 0.74, 0.77, 0.77,      0.0f, 0.0f,
5.7560, 11.4901, 4.0524, 0.74, 0.77, 0.77,      0.0f, 0.0f,
7.3250, 11.4638, 4.4334, 0.74, 0.77, 0.77,      0.0f, 0.0f,


//281
4.3113, 11.3962, -0.3129, 0.74, 0.77, 0.77,      0.0f, 0.0f,
4.0404, 11.3324, -0.3149, 0.74, 0.77, 0.77,      0.0f, 0.0f,
3.9768, 11.4503, 2.2690, 0.74, 0.77, 0.77,      0.0f, 0.0f,


//282
4.3113, 11.3962, -0.3129, 0.74, 0.77, 0.77,      0.0f, 0.0f,
3.9768, 11.4503, 2.2690, 0.74, 0.77, 0.77,      0.0f, 0.0f,
4.8968, 11.4234, -0.1088, 0.74, 0.77, 0.77,      0.0f, 0.0f,


//283
4.0404, 11.3324, -0.3149, 0.74, 0.77, 0.77,      0.0f, 0.0f,
3.5056, 11.3544, -0.3988, 0.74, 0.77, 0.77,      0.0f, 0.0f,
3.1684, 11.0146, -0.5268, 0.74, 0.77, 0.77,      0.0f, 0.0f,


//284
4.0404, 11.3324, -0.3149, 0.74, 0.77, 0.77,      0.0f, 0.0f,
3.1684, 11.0146, -0.5268, 0.74, 0.77, 0.77,      0.0f, 0.0f,
2.9673, 11.2891, 0.4925, 0.74, 0.77, 0.77,      0.0f, 0.0f,


//285
2.9673, 11.2891, 0.4925, 0.74, 0.77, 0.77,      0.0f, 0.0f,
1.4483, 11.0082, 0.8284, 0.74, 0.77, 0.77,      0.0f, 0.0f,
1.0397, 10.9053, 1.9496, 0.74, 0.77, 0.77,      0.0f, 0.0f,


//286
2.9673, 11.2891, 0.4925, 0.74, 0.77, 0.77,      0.0f, 0.0f,
1.0397, 10.9053, 1.9496, 0.74, 0.77, 0.77,      0.0f, 0.0f,
2.0000, 11.7092, 2.5604, 0.74, 0.77, 0.77,      0.0f, 0.0f,


//287
3.9768, 11.4503, 2.2690, 0.74, 0.77, 0.77,      0.0f, 0.0f,
3.2840, 11.4456, 4.7669, 0.74, 0.77, 0.77,      0.0f, 0.0f,
4.3353, 11.4620, 5.4895, 0.74, 0.77, 0.77,      0.0f, 0.0f,


//288
3.9768, 11.4503, 2.2690, 0.74, 0.77, 0.77,      0.0f, 0.0f,
4.3353, 11.4620, 5.4895, 0.74, 0.77, 0.77,      0.0f, 0.0f,
5.7560, 11.4901, 4.0524, 0.74, 0.77, 0.77,      0.0f, 0.0f,


//289
7.3893, 11.3129, 8.9726, 0.74, 0.77, 0.77,      0.0f, 0.0f,
6.8071, 11.1339, 10.1435, 0.74, 0.77, 0.77,      0.0f, 0.0f,
8.1548, 11.5309, 10.8814, 0.74, 0.77, 0.77,      0.0f, 0.0f,


//290
7.3893, 11.3129, 8.9726, 0.74, 0.77, 0.77,      0.0f, 0.0f,
8.1548, 11.5309, 10.8814, 0.74, 0.77, 0.77,      0.0f, 0.0f,
8.8022, 11.6836, 9.6029, 0.74, 0.77, 0.77,      0.0f, 0.0f,


//291
2.1056, 11.3774, 4.0910, 0.74, 0.77, 0.77,      0.0f, 0.0f,
0.5596, 10.9226, 4.9938, 0.74, 0.77, 0.77,      0.0f, 0.0f,
3.2840, 11.4456, 4.7669, 0.74, 0.77, 0.77,      0.0f, 0.0f,


//292
2.1056, 11.3774, 4.0910, 0.74, 0.77, 0.77,      0.0f, 0.0f,
3.2840, 11.4456, 4.7669, 0.74, 0.77, 0.77,      0.0f, 0.0f,
3.1309, 11.4461, 4.0190, 0.74, 0.77, 0.77,      0.0f, 0.0f,


//293
9.5618, 11.5481, 11.3765, 0.74, 0.77, 0.77,      0.0f, 0.0f,
9.5148, 11.7560, 9.5019, 0.74, 0.77, 0.77,      0.0f, 0.0f,
8.1548, 11.5309, 10.8814, 0.74, 0.77, 0.77,      0.0f, 0.0f,


//294
9.5618, 11.5481, 11.3765, 0.74, 0.77, 0.77,      0.0f, 0.0f,
8.1548, 11.5309, 10.8814, 0.74, 0.77, 0.77,      0.0f, 0.0f,
8.9838, 11.4843, 11.8689, 0.74, 0.77, 0.77,      0.0f, 0.0f,


//295
0.5596, 10.9226, 4.9938, 0.74, 0.77, 0.77,      0.0f, 0.0f,
0.4547, 10.9467, 4.6893, 0.74, 0.77, 0.77,      0.0f, 0.0f,
0.2937, 10.3994, 4.5536, 0.74, 0.77, 0.77,      0.0f, 0.0f,


//296
0.5596, 10.9226, 4.9938, 0.74, 0.77, 0.77,      0.0f, 0.0f,
0.2937, 10.3994, 4.5536, 0.74, 0.77, 0.77,      0.0f, 0.0f,
0.7135, 9.4846, 5.2032, 0.74, 0.77, 0.77,      0.0f, 0.0f,


//297
8.3163, 11.6632, 4.5378, 0.74, 0.77, 0.77,      0.0f, 0.0f,
8.8211, 11.8162, 5.2011, 0.74, 0.77, 0.77,      0.0f, 0.0f,
8.7777, 11.2716, 5.3092, 0.74, 0.77, 0.77,      0.0f, 0.0f,


//298
8.3163, 11.6632, 4.5378, 0.74, 0.77, 0.77,      0.0f, 0.0f,
8.7777, 11.2716, 5.3092, 0.74, 0.77, 0.77,      0.0f, 0.0f,
8.3404, 11.1002, 4.7214, 0.74, 0.77, 0.77,      0.0f, 0.0f,


//299
8.3404, 11.1002, 4.7214, 0.74, 0.77, 0.77,      0.0f, 0.0f,
8.7777, 11.2716, 5.3092, 0.74, 0.77, 0.77,      0.0f, 0.0f,
8.8665, 10.1497, 5.1322, 0.74, 0.77, 0.77,      0.0f, 0.0f,


//300
8.3404, 11.1002, 4.7214, 0.74, 0.77, 0.77,      0.0f, 0.0f,
8.8665, 10.1497, 5.1322, 0.74, 0.77, 0.77,      0.0f, 0.0f,
7.9464, 9.9675, 3.9011, 0.74, 0.77, 0.77,      0.0f, 0.0f,


//301
5.6289, 11.5585, 1.2630, 0.74, 0.77, 0.77,      0.0f, 0.0f,
6.2364, 10.7029, 1.9965, 0.74, 0.77, 0.77,      0.0f, 0.0f,
6.3901, 10.1026, 2.1957, 0.74, 0.77, 0.77,      0.0f, 0.0f,


//302
5.6289, 11.5585, 1.2630, 0.74, 0.77, 0.77,      0.0f, 0.0f,
6.3901, 10.1026, 2.1957, 0.74, 0.77, 0.77,      0.0f, 0.0f,
5.6118, 9.9645, 1.0655, 0.74, 0.77, 0.77,      0.0f, 0.0f,


//303
10.3243, 9.9062, 6.6276, 0.74, 0.77, 0.77,      0.0f, 0.0f,
11.2949, 9.9060, 7.0776, 0.74, 0.77, 0.77,      0.0f, 0.0f,
11.2949, 8.3036, 7.0774, 0.74, 0.77, 0.77,      0.0f, 0.0f,


//304
10.3243, 9.9062, 6.6276, 0.74, 0.77, 0.77,      0.0f, 0.0f,
11.2949, 8.3036, 7.0774, 0.74, 0.77, 0.77,      0.0f, 0.0f,
10.3243, 8.3037, 6.6273, 0.74, 0.77, 0.77,      0.0f, 0.0f,


//305
10.5204, 11.5358, 6.7802, 0.74, 0.77, 0.77,      0.0f, 0.0f,
10.5911, 11.5500, 7.2836, 0.74, 0.77, 0.77,      0.0f, 0.0f,
11.0342, 10.6873, 7.5369, 0.74, 0.77, 0.77,      0.0f, 0.0f,


//306
10.5204, 11.5358, 6.7802, 0.74, 0.77, 0.77,      0.0f, 0.0f,
11.0342, 10.6873, 7.5369, 0.74, 0.77, 0.77,      0.0f, 0.0f,
11.2645, 10.5718, 7.0874, 0.74, 0.77, 0.77,      0.0f, 0.0f,


//307
11.2645, 10.5718, 7.0874, 0.74, 0.77, 0.77,      0.0f, 0.0f,
11.2949, 9.9060, 7.0776, 0.74, 0.77, 0.77,      0.0f, 0.0f,
10.3243, 9.9062, 6.6276, 0.74, 0.77, 0.77,      0.0f, 0.0f,


//308
11.2645, 10.5718, 7.0874, 0.74, 0.77, 0.77,      0.0f, 0.0f,
10.3243, 9.9062, 6.6276, 0.74, 0.77, 0.77,      0.0f, 0.0f,
10.5204, 11.5358, 6.7802, 0.74, 0.77, 0.77,      0.0f, 0.0f,


//309
7.8782, 11.4554, 3.1545, 0.74, 0.77, 0.77,      0.0f, 0.0f,
7.6107, 10.3065, 3.3669, 0.74, 0.77, 0.77,      0.0f, 0.0f,
6.9560, 10.0501, 2.6957, 0.74, 0.77, 0.77,      0.0f, 0.0f,


//310
7.8782, 11.4554, 3.1545, 0.74, 0.77, 0.77,      0.0f, 0.0f,
6.9560, 10.0501, 2.6957, 0.74, 0.77, 0.77,      0.0f, 0.0f,
7.5800, 11.4818, 2.7436, 0.74, 0.77, 0.77,      0.0f, 0.0f,


//311
9.7834, 8.3397, 11.3535, 0.74, 0.77, 0.77,      0.0f, 0.0f,
8.9764, 8.2972, 11.8797, 0.74, 0.77, 0.77,      0.0f, 0.0f,
8.1884, 8.3385, 10.9451, 0.74, 0.77, 0.77,      0.0f, 0.0f,


//312
9.7834, 8.3397, 11.3535, 0.74, 0.77, 0.77,      0.0f, 0.0f,
8.1884, 8.3385, 10.9451, 0.74, 0.77, 0.77,      0.0f, 0.0f,
9.7508, 8.4588, 9.4182, 0.74, 0.77, 0.77,      0.0f, 0.0f,


//313
11.9547, 8.3071, 9.9552, 0.74, 0.77, 0.77,      0.0f, 0.0f,
11.9742, 8.3035, 10.4620, 0.74, 0.77, 0.77,      0.0f, 0.0f,
11.7126, 8.2986, 10.8231, 0.74, 0.77, 0.77,      0.0f, 0.0f,


//314
11.9547, 8.3071, 9.9552, 0.74, 0.77, 0.77,      0.0f, 0.0f,
11.7126, 8.2986, 10.8231, 0.74, 0.77, 0.77,      0.0f, 0.0f,
9.7508, 8.4588, 9.4182, 0.74, 0.77, 0.77,      0.0f, 0.0f,


//315
4.2102, 8.3087, 2.1131, 0.74, 0.77, 0.77,      0.0f, 0.0f,
4.1683, 8.2951, -0.2375, 0.74, 0.77, 0.77,      0.0f, 0.0f,
4.4981, 8.3076, -0.3126, 0.74, 0.77, 0.77,      0.0f, 0.0f,


//316
4.2102, 8.3087, 2.1131, 0.74, 0.77, 0.77,      0.0f, 0.0f,
4.4981, 8.3076, -0.3126, 0.74, 0.77, 0.77,      0.0f, 0.0f,
4.8866, 8.3062, -0.1642, 0.74, 0.77, 0.77,      0.0f, 0.0f,


//317
3.3204, 8.3008, 3.8898, 0.74, 0.77, 0.77,      0.0f, 0.0f,
2.6367, 8.4202, 3.1389, 0.74, 0.77, 0.77,      0.0f, 0.0f,
2.7791, 8.4585, 2.1447, 0.74, 0.77, 0.77,      0.0f, 0.0f,


//318
3.3204, 8.3008, 3.8898, 0.74, 0.77, 0.77,      0.0f, 0.0f,
2.7791, 8.4585, 2.1447, 0.74, 0.77, 0.77,      0.0f, 0.0f,
4.2102, 8.3087, 2.1131, 0.74, 0.77, 0.77,      0.0f, 0.0f,


//319
1.1002, 7.6684, 3.0368, 0.74, 0.77, 0.77,      0.0f, 0.0f,
0.4653, 7.3481, 2.8497, 0.74, 0.77, 0.77,      0.0f, 0.0f,
0.7536, 7.8914, 1.4198, 0.74, 0.77, 0.77,      0.0f, 0.0f,


//320
1.1002, 7.6684, 3.0368, 0.74, 0.77, 0.77,      0.0f, 0.0f,
0.7536, 7.8914, 1.4198, 0.74, 0.77, 0.77,      0.0f, 0.0f,
2.7791, 8.4585, 2.1447, 0.74, 0.77, 0.77,      0.0f, 0.0f,


//321
1.1002, 7.6684, 3.0368, 0.74, 0.77, 0.77,      0.0f, 0.0f,
1.0968, 8.0481, 3.8717, 0.74, 0.77, 0.77,      0.0f, 0.0f,
0.3736, 8.0591, 3.5713, 0.74, 0.77, 0.77,      0.0f, 0.0f,


//322
1.1002, 7.6684, 3.0368, 0.74, 0.77, 0.77,      0.0f, 0.0f,
0.3736, 8.0591, 3.5713, 0.74, 0.77, 0.77,      0.0f, 0.0f,
0.4653, 7.3481, 2.8497, 0.74, 0.77, 0.77,      0.0f, 0.0f,


//323
1.0968, 8.0481, 3.8717, 0.74, 0.77, 0.77,      0.0f, 0.0f,
0.2092, 7.8783, 4.3810, 0.74, 0.77, 0.77,      0.0f, 0.0f,
-0.1532, 8.0342, 3.9258, 0.74, 0.77, 0.77,      0.0f, 0.0f,


//324
1.0968, 8.0481, 3.8717, 0.74, 0.77, 0.77,      0.0f, 0.0f,
-0.1532, 8.0342, 3.9258, 0.74, 0.77, 0.77,      0.0f, 0.0f,
0.3736, 8.0591, 3.5713, 0.74, 0.77, 0.77,      0.0f, 0.0f,
};
